0.0 0.0 0.103628285 0.0883200077086
0.0 0.2 0.107458015 0.0860214018168
0.0 0.4 0.099273355 0.0796267756952
0.0 0.6 0.087054025 0.0663584545387
0.0 0.8 0.06858108 0.054549496189
0.0 1.0 0.06372426 0.0507597498005
0.0 1.2 0.055328665 0.0417110799399
0.0 1.4 0.05139598 0.0388542948967
0.0 1.6 0.043494815 0.0327669382677
0.0 1.8 0.041055595 0.0313886553618
0.0 2.0 0.036949615 0.0273145350201
0.0 2.2 0.03027703 0.0222410485067
0.0 2.4 0.029932095 0.022528944947
0.0 2.6 0.02813129 0.0202388233162
0.0 2.8 0.025167145 0.0185658850447
0.0 3.0 0.02680845 0.0200272140593
0.0 3.2 0.022645385 0.016256389684
0.0 3.4 0.023885475 0.0180665795183
0.0 3.6 0.02291438 0.0180026846983
0.0 3.8 0.02164235 0.0166333817881
0.0 4.0 0.02248672 0.0164066450325
0.0 4.2 0.02136692 0.0159611641838
0.0 4.4 0.021210625 0.0155590045194
0.0 4.6 0.023056055 0.0161898442198
0.0 4.8 0.0213858 0.0157095033247
0.0 5.0 0.020543715 0.0152231406915
0.0 5.2 0.021165535 0.015979304354
0.0 5.4 0.02154288 0.0154399507054
0.0 5.6 0.02031848 0.016146650247
0.0 5.8 0.02096369 0.0154783165765
0.0 6.0 0.022129525 0.0169420124513
0.0 6.2 0.01892581 0.0153231428501
0.0 6.4 0.02210129 0.0178987659068
0.0 6.6 0.02098341 0.0162339283968
0.0 6.8 0.020139605 0.0155136544763
0.0 7.0 0.021576255 0.0166596518898
0.0 7.2 0.021228685 0.0155221948067
0.0 7.4 0.02359111 0.0191315367119
0.0 7.6 0.02479333 0.0185593624481
0.0 7.8 0.022918705 0.0160496720059
0.0 8.0 0.02261391 0.0173850531271
0.0 8.2 0.022098585 0.0164208259522
0.0 8.4 0.023596865 0.0176011171088
0.0 8.6 0.024217265 0.0190968939834
0.0 8.8 0.02402713 0.0188847796136
0.0 9.0 0.02454103 0.0178130293044
0.0 9.2 0.02601491 0.0203866812972
0.0 9.4 0.026217395 0.0191940920392
0.0 9.6 0.025686145 0.0207982957317
0.0 9.8 0.024375295 0.0201549888268
0.02 0.0 0.21191233 0.145610973656
0.02 0.2 0.220209405 0.148331546089
0.02 0.4 0.208840225 0.138727972429
0.02 0.6 0.171307275 0.127940886117
0.02 0.8 0.14006895 0.101116897407
0.02 1.0 0.108678675 0.082244936775
0.02 1.2 0.09266058 0.0708871602074
0.02 1.4 0.07444653 0.0594428172449
0.02 1.6 0.06561603 0.0468719535855
0.02 1.8 0.053472085 0.0406883047316
0.02 2.0 0.04795809 0.0336677168941
0.02 2.2 0.038456815 0.0312470888047
0.02 2.4 0.036616905 0.0258786247066
0.02 2.6 0.03464111 0.0265794693256
0.02 2.8 0.02996169 0.0228319072728
0.02 3.0 0.031005195 0.0232208261907
0.02 3.2 0.02716903 0.0222277651472
0.02 3.4 0.027669945 0.0203436931308
0.02 3.6 0.027312585 0.0214614058925
0.02 3.8 0.02566253 0.0195043472749
0.02 4.0 0.02269828 0.0192413302485
0.02 4.2 0.023356915 0.0176506220255
0.02 4.4 0.02546989 0.0191715889226
0.02 4.6 0.0228065 0.0164200714871
0.02 4.8 0.02256717 0.0166646289995
0.02 5.0 0.022078135 0.0176999748507
0.02 5.2 0.02203109 0.0154543612547
0.02 5.4 0.021403295 0.0173596745306
0.02 5.6 0.022309345 0.0154503040263
0.02 5.8 0.02189466 0.0162023117361
0.02 6.0 0.021967335 0.017092472328
0.02 6.2 0.02327021 0.0167417343013
0.02 6.4 0.02290757 0.0175514214668
0.02 6.6 0.02206355 0.0166545889273
0.02 6.8 0.022399895 0.018089817455
0.02 7.0 0.02267794 0.0171585491111
0.02 7.2 0.02479222 0.0194306419184
0.02 7.4 0.02200161 0.0173099038145
0.02 7.6 0.02444408 0.0175266420484
0.02 7.8 0.025386005 0.0188076493788
0.02 8.0 0.024585015 0.0180810378744
0.02 8.2 0.02592008 0.0204236729775
0.02 8.4 0.025846715 0.017434856487
0.02 8.6 0.024062345 0.0166398931104
0.02 8.8 0.02367533 0.017307783363
0.02 9.0 0.02638943 0.019575394941
0.02 9.2 0.02804456 0.0220391558163
0.02 9.4 0.02584553 0.0192801673743
0.02 9.6 0.02553662 0.0195799181001
0.02 9.8 0.02741748 0.0217840595553
0.04 0.0 0.3595545 0.186422888715
0.04 0.2 0.363625565 0.174640953478
0.04 0.4 0.34379944 0.179231327012
0.04 0.6 0.303274455 0.170004288272
0.04 0.8 0.242612735 0.159652987772
0.04 1.0 0.200157715 0.132300945347
0.04 1.2 0.162952705 0.109853578703
0.04 1.4 0.1270371 0.0914911545802
0.04 1.6 0.089506075 0.0672684737569
0.04 1.8 0.06916404 0.0521433338991
0.04 2.0 0.05452913 0.0430785146334
0.04 2.2 0.05361042 0.0392432989771
0.04 2.4 0.042604695 0.0339705532578
0.04 2.6 0.04289347 0.0284195409815
0.04 2.8 0.0403912 0.03204630605
0.04 3.0 0.034269555 0.027052633227
0.04 3.2 0.03555289 0.0246663126835
0.04 3.4 0.03248756 0.0235302611275
0.04 3.6 0.02767468 0.0205773584521
0.04 3.8 0.027121385 0.0199623418285
0.04 4.0 0.02766347 0.0193133658201
0.04 4.2 0.026322945 0.0190677688021
0.04 4.4 0.02269977 0.0183626214051
0.04 4.6 0.02363557 0.0173313262371
0.04 4.8 0.02387827 0.0186254498369
0.04 5.0 0.024064965 0.0173900919309
0.04 5.2 0.02539212 0.0195417389202
0.04 5.4 0.02336633 0.0182032130164
0.04 5.6 0.022865655 0.0181946595897
0.04 5.8 0.02596734 0.0183563446918
0.04 6.0 0.02349732 0.017681444086
0.04 6.2 0.02388979 0.0184899234924
0.04 6.4 0.0232331 0.0170218278281
0.04 6.6 0.023436855 0.0178167667887
0.04 6.8 0.02388561 0.0166566242237
0.04 7.0 0.02257993 0.0165527636277
0.04 7.2 0.02322127 0.0178177885574
0.04 7.4 0.02330537 0.0176728779231
0.04 7.6 0.02199644 0.0180538363653
0.04 7.8 0.026388285 0.0175505941749
0.04 8.0 0.02632835 0.0205246568202
0.04 8.2 0.025562135 0.0198237581953
0.04 8.4 0.028135515 0.0203318916481
0.04 8.6 0.028984195 0.0199201577844
0.04 8.8 0.026814755 0.0198813166112
0.04 9.0 0.027414115 0.020363838236
0.04 9.2 0.028823245 0.0222751103594
0.04 9.4 0.02844724 0.021020349006
0.04 9.6 0.027146955 0.0215237071564
0.04 9.8 0.03009466 0.0221056602823
0.06 0.0 0.484089815 0.172603522514
0.06 0.2 0.468274125 0.185015509828
0.06 0.4 0.42944487 0.177066830796
0.06 0.6 0.40276737 0.173415198807
0.06 0.8 0.3740839 0.163387652942
0.06 1.0 0.30569402 0.161021238039
0.06 1.2 0.230024545 0.143969456947
0.06 1.4 0.17612029 0.116089627394
0.06 1.6 0.126911205 0.0901216766917
0.06 1.8 0.096962 0.0707363810127
0.06 2.0 0.08001798 0.0534399092721
0.06 2.2 0.065448795 0.0506241438257
0.06 2.4 0.061381125 0.0420053232781
0.06 2.6 0.05289647 0.0377847339222
0.06 2.8 0.047056005 0.0375641126881
0.06 3.0 0.042676735 0.032016595343
0.06 3.2 0.035609685 0.0265096220842
0.06 3.4 0.03552572 0.0262574088806
0.06 3.6 0.03152315 0.0253377855983
0.06 3.8 0.031396095 0.0237890487617
0.06 4.0 0.030653425 0.023198766613
0.06 4.2 0.02909457 0.0208482242087
0.06 4.4 0.026466955 0.0190056072053
0.06 4.6 0.026690375 0.0216940876523
0.06 4.8 0.02587405 0.017946016921
0.06 5.0 0.025835655 0.0197051630502
0.06 5.2 0.02618785 0.0181908227801
0.06 5.4 0.025904595 0.0186878267825
0.06 5.6 0.02241418 0.0176612646693
0.06 5.8 0.02430902 0.0183521633147
0.06 6.0 0.026153195 0.0196638893416
0.06 6.2 0.024759525 0.017780143072
0.06 6.4 0.02604465 0.0193211379737
0.06 6.6 0.02353002 0.0174938607757
0.06 6.8 0.022477335 0.0169952708017
0.06 7.0 0.02246135 0.0174891468559
0.06 7.2 0.023223575 0.0184453925882
0.06 7.4 0.02474969 0.0178216134666
0.06 7.6 0.024271335 0.0181211453121
0.06 7.8 0.025412955 0.0188157149745
0.06 8.0 0.023564665 0.0166725425377
0.06 8.2 0.02565453 0.019620222
0.06 8.4 0.025141155 0.0198190487373
0.06 8.6 0.023559765 0.0189697227763
0.06 8.8 0.02635604 0.0210933192053
0.06 9.0 0.02770046 0.0205679726587
0.06 9.2 0.026633715 0.0202883385467
0.06 9.4 0.024810945 0.0191523747353
0.06 9.6 0.027049615 0.0207610266426
0.06 9.8 0.030459235 0.0227979646563
0.08 0.0 0.560076895 0.163436405281
0.08 0.2 0.541590155 0.181594027425
0.08 0.4 0.53202252 0.174413951405
0.08 0.6 0.468122905 0.205457875665
0.08 0.8 0.46973392 0.179760823463
0.08 1.0 0.38110681 0.176389951801
0.08 1.2 0.29301707 0.163145956958
0.08 1.4 0.24240114 0.158792842544
0.08 1.6 0.17501758 0.114127916805
0.08 1.8 0.143876265 0.0992385012134
0.08 2.0 0.11774613 0.08821348453
0.08 2.2 0.084481655 0.0635104156504
0.08 2.4 0.074227195 0.0513689679464
0.08 2.6 0.056506935 0.0419447720769
0.08 2.8 0.05281867 0.0427564375125
0.08 3.0 0.04483678 0.0344200536174
0.08 3.2 0.04360668 0.0348797374348
0.08 3.4 0.03848624 0.0288734173982
0.08 3.6 0.036443035 0.0275226301086
0.08 3.8 0.035339425 0.0270509565268
0.08 4.0 0.03290803 0.0241216668883
0.08 4.2 0.032089965 0.0225039392732
0.08 4.4 0.029883935 0.0212385737158
0.08 4.6 0.02875111 0.0219479968748
0.08 4.8 0.02946078 0.023187011196
0.08 5.0 0.02857919 0.0223976426586
0.08 5.2 0.0270705 0.0200766780036
0.08 5.4 0.02269269 0.0184271404446
0.08 5.6 0.02708027 0.0197556592716
0.08 5.8 0.028108765 0.021416562692
0.08 6.0 0.02703887 0.020490758608
0.08 6.2 0.02411145 0.0183286579972
0.08 6.4 0.024332555 0.0179239560889
0.08 6.6 0.023271615 0.017618763582
0.08 6.8 0.0271973 0.0214240409015
0.08 7.0 0.026245415 0.0187450296616
0.08 7.2 0.02395998 0.0186498268911
0.08 7.4 0.02675604 0.020321722488
0.08 7.6 0.024690505 0.0181736368884
0.08 7.8 0.025175425 0.0196665521471
0.08 8.0 0.026934535 0.0219085268229
0.08 8.2 0.02542454 0.0200267358301
0.08 8.4 0.028344955 0.0215686027304
0.08 8.6 0.027162885 0.0208024523067
0.08 8.8 0.025775355 0.0192439429049
0.08 9.0 0.028038865 0.0214939805001
0.08 9.2 0.02739623 0.0193683292875
0.08 9.4 0.028763005 0.0227737084072
0.08 9.6 0.02721059 0.0212493248792
0.08 9.8 0.027753915 0.0212534686009
0.1 0.0 0.604040815 0.179562130494
0.1 0.2 0.60257979 0.179551289453
0.1 0.4 0.559907155 0.187005412621
0.1 0.6 0.54630545 0.184145370025
0.1 0.8 0.482933305 0.196637965159
0.1 1.0 0.47003202 0.178948122676
0.1 1.2 0.38588346 0.188514984155
0.1 1.4 0.339879775 0.161336546071
0.1 1.6 0.25028087 0.154381096819
0.1 1.8 0.181206755 0.124770508334
0.1 2.0 0.15015815 0.0990534554547
0.1 2.2 0.10775437 0.0718459443206
0.1 2.4 0.09033519 0.0688916147531
0.1 2.6 0.07104939 0.0554285390398
0.1 2.8 0.065875295 0.0475914029738
0.1 3.0 0.0513116 0.0388321434662
0.1 3.2 0.049827375 0.0350596986685
0.1 3.4 0.04180965 0.0294063271025
0.1 3.6 0.041065205 0.0334852008967
0.1 3.8 0.037470545 0.0285556415876
0.1 4.0 0.035590925 0.0279556612501
0.1 4.2 0.03570817 0.0255190925348
0.1 4.4 0.031529975 0.0221655350848
0.1 4.6 0.03050117 0.0230001877745
0.1 4.8 0.03147204 0.0214589516482
0.1 5.0 0.029160935 0.0222784786501
0.1 5.2 0.027399215 0.0211542746637
0.1 5.4 0.026511705 0.0213986347912
0.1 5.6 0.028488385 0.0222510016363
0.1 5.8 0.02798822 0.0199148883362
0.1 6.0 0.02949664 0.0205318264687
0.1 6.2 0.02661229 0.0197020397004
0.1 6.4 0.028284255 0.0215358011277
0.1 6.6 0.02634457 0.0203165297678
0.1 6.8 0.027653625 0.0222701326555
0.1 7.0 0.027703315 0.0218895252563
0.1 7.2 0.0293177 0.0217588848338
0.1 7.4 0.028508265 0.0199205004893
0.1 7.6 0.02781065 0.0209456445603
0.1 7.8 0.02798478 0.0201085094378
0.1 8.0 0.027605835 0.0213382536928
0.1 8.2 0.024692915 0.0195569893789
0.1 8.4 0.02705844 0.0200232510761
0.1 8.6 0.02629347 0.0197018211858
0.1 8.8 0.029940125 0.0233521065758
0.1 9.0 0.027662545 0.0216448400929
0.1 9.2 0.02841151 0.0214808653715
0.1 9.4 0.0295081 0.0222485020267
0.1 9.6 0.027310085 0.0197858920102
0.1 9.8 0.02756727 0.0215697635893
0.12 0.0 0.63811968 0.176979427086
0.12 0.2 0.617395555 0.1834018856
0.12 0.4 0.61574921 0.195465378055
0.12 0.6 0.597807125 0.176124479559
0.12 0.8 0.537724255 0.191724223648
0.12 1.0 0.486762415 0.209357138122
0.12 1.2 0.43448319 0.17912408462
0.12 1.4 0.362919705 0.188340228333
0.12 1.6 0.31929335 0.171149277079
0.12 1.8 0.25182777 0.145165500103
0.12 2.0 0.180166535 0.123876231366
0.12 2.2 0.133718775 0.101925467645
0.12 2.4 0.10149374 0.0823236526051
0.12 2.6 0.08876113 0.0667381689232
0.12 2.8 0.080461075 0.0534346872564
0.12 3.0 0.066263135 0.0510073325156
0.12 3.2 0.05809631 0.0458028062467
0.12 3.4 0.045280415 0.0327222328024
0.12 3.6 0.047744705 0.0364302418151
0.12 3.8 0.038768455 0.0294309781422
0.12 4.0 0.03960443 0.0299806698764
0.12 4.2 0.03712412 0.0284182731021
0.12 4.4 0.036022505 0.0272427327012
0.12 4.6 0.035204925 0.0261548519738
0.12 4.8 0.03558463 0.0272547071181
0.12 5.0 0.03183632 0.0255638464345
0.12 5.2 0.032152345 0.0238375482096
0.12 5.4 0.029025145 0.0225473379767
0.12 5.6 0.02994941 0.0211564597032
0.12 5.8 0.029172215 0.020775840467
0.12 6.0 0.026122445 0.0199817522932
0.12 6.2 0.02884642 0.0201658960987
0.12 6.4 0.028885925 0.0213639958147
0.12 6.6 0.028455655 0.0208759827179
0.12 6.8 0.028872125 0.0213904868944
0.12 7.0 0.02848898 0.0210493616088
0.12 7.2 0.02822707 0.0196994005154
0.12 7.4 0.027688595 0.0208822098807
0.12 7.6 0.026290635 0.0193037769012
0.12 7.8 0.028932755 0.0221230692964
0.12 8.0 0.027677325 0.0200707465892
0.12 8.2 0.030242785 0.0201873259086
0.12 8.4 0.028993065 0.0198750067062
0.12 8.6 0.028554155 0.022095330564
0.12 8.8 0.02836093 0.0222216607362
0.12 9.0 0.031973075 0.0237957828238
0.12 9.2 0.028176515 0.0220364535942
0.12 9.4 0.02801431 0.021647933282
0.12 9.6 0.02649649 0.0200735308112
0.12 9.8 0.02892937 0.0228739459165
0.14 0.0 0.65331621 0.18340981722
0.14 0.2 0.658048735 0.188849308202
0.14 0.4 0.633486185 0.208652522915
0.14 0.6 0.61374956 0.188129467084
0.14 0.8 0.562244815 0.218311127551
0.14 1.0 0.55012505 0.207277649801
0.14 1.2 0.489620565 0.201976840278
0.14 1.4 0.43109507 0.185405414816
0.14 1.6 0.344005205 0.184058804024
0.14 1.8 0.270689645 0.168535938928
0.14 2.0 0.230572375 0.14821984836
0.14 2.2 0.15928501 0.108333901622
0.14 2.4 0.133831395 0.0927171147857
0.14 2.6 0.11344487 0.0791958472765
0.14 2.8 0.089328385 0.0686334457261
0.14 3.0 0.079145325 0.0584305964642
0.14 3.2 0.06129211 0.0465435599931
0.14 3.4 0.058176655 0.0454344930501
0.14 3.6 0.051655755 0.0364814879568
0.14 3.8 0.04906807 0.0365742647309
0.14 4.0 0.041527035 0.0333997571165
0.14 4.2 0.03920517 0.0306981196022
0.14 4.4 0.03732515 0.0277855933395
0.14 4.6 0.03526177 0.027011552614
0.14 4.8 0.034594865 0.0249153118768
0.14 5.0 0.03464731 0.0242715027525
0.14 5.2 0.03399026 0.0255363055081
0.14 5.4 0.031422565 0.0226363856398
0.14 5.6 0.029790755 0.0209033964734
0.14 5.8 0.028340735 0.0212357935445
0.14 6.0 0.030096125 0.0206958563802
0.14 6.2 0.03166339 0.0245314837782
0.14 6.4 0.029759025 0.0221795029783
0.14 6.6 0.02688654 0.0217952360241
0.14 6.8 0.02600858 0.0201632009121
0.14 7.0 0.026288655 0.0224080848561
0.14 7.2 0.028233385 0.0216363381169
0.14 7.4 0.02680772 0.0198205026185
0.14 7.6 0.027649695 0.022278632349
0.14 7.8 0.027902285 0.0213614235421
0.14 8.0 0.027709645 0.0195702674826
0.14 8.2 0.028939955 0.021934654339
0.14 8.4 0.028706355 0.0202567036896
0.14 8.6 0.032379485 0.0209450670765
0.14 8.8 0.030569505 0.0206289929362
0.14 9.0 0.026720035 0.0214625625668
0.14 9.2 0.028733485 0.0210534478012
0.14 9.4 0.028600665 0.0219105740338
0.14 9.6 0.02995234 0.0220719420492
0.14 9.8 0.029076655 0.0214540638564
0.16 0.0 0.65244977 0.186975897838
0.16 0.2 0.6565183 0.18840546072
0.16 0.4 0.65246429 0.18767690035
0.16 0.6 0.616143255 0.207539733557
0.16 0.8 0.6200368 0.201545077449
0.16 1.0 0.618824375 0.184243167993
0.16 1.2 0.51352548 0.204623625376
0.16 1.4 0.487416655 0.188517389804
0.16 1.6 0.389662505 0.197810489027
0.16 1.8 0.33389717 0.196082974888
0.16 2.0 0.27060127 0.165238879487
0.16 2.2 0.206643495 0.132561448472
0.16 2.4 0.154740325 0.0984119648421
0.16 2.6 0.12956218 0.0962963530349
0.16 2.8 0.0960239 0.0693083233668
0.16 3.0 0.084794305 0.0587258648065
0.16 3.2 0.07113822 0.0527144356461
0.16 3.4 0.062741065 0.049227872418
0.16 3.6 0.05754282 0.0446688529104
0.16 3.8 0.05124926 0.0377499507731
0.16 4.0 0.054997315 0.0390769859209
0.16 4.2 0.046729855 0.033212943061
0.16 4.4 0.04521246 0.0321505113685
0.16 4.6 0.03734886 0.0264358785557
0.16 4.8 0.039730265 0.0287013723777
0.16 5.0 0.035372365 0.0292687619125
0.16 5.2 0.03196771 0.0247754282174
0.16 5.4 0.030063565 0.0239880210909
0.16 5.6 0.03335066 0.0217210873889
0.16 5.8 0.03330759 0.0252506652414
0.16 6.0 0.03130274 0.0251251904091
0.16 6.2 0.03144873 0.0240376276789
0.16 6.4 0.03057364 0.0251538545146
0.16 6.6 0.030092225 0.0227000525826
0.16 6.8 0.031157105 0.0238925181189
0.16 7.0 0.031929415 0.0228525581818
0.16 7.2 0.029823565 0.0238406721045
0.16 7.4 0.02589964 0.0196192595051
0.16 7.6 0.031005515 0.023556287099
0.16 7.8 0.032282975 0.0246518941654
0.16 8.0 0.02702902 0.020507510255
0.16 8.2 0.0246213 0.0198256607933
0.16 8.4 0.02959649 0.0214254005171
0.16 8.6 0.028656515 0.0217354358877
0.16 8.8 0.02967091 0.0215218211646
0.16 9.0 0.02935814 0.0201359851175
0.16 9.2 0.031110225 0.0235843288612
0.16 9.4 0.028765975 0.0216329146623
0.16 9.6 0.03013873 0.0214939948492
0.16 9.8 0.03253013 0.023805660119
0.18 0.0 0.693784535 0.192332930843
0.18 0.2 0.677016885 0.20925682048
0.18 0.4 0.671816675 0.186664168215
0.18 0.6 0.647121155 0.211915480145
0.18 0.8 0.61851439 0.207024147232
0.18 1.0 0.576763565 0.227693291769
0.18 1.2 0.560058835 0.23011127209
0.18 1.4 0.52042807 0.214048850219
0.18 1.6 0.452811895 0.201258420328
0.18 1.8 0.38480479 0.19727484977
0.18 2.0 0.307410265 0.176906603905
0.18 2.2 0.23417653 0.154758557887
0.18 2.4 0.18831086 0.137225772824
0.18 2.6 0.14279085 0.105936390542
0.18 2.8 0.119937905 0.0874445055839
0.18 3.0 0.10362417 0.0745132601423
0.18 3.2 0.088226815 0.0639243408839
0.18 3.4 0.06848934 0.0480751836523
0.18 3.6 0.06633899 0.046079475786
0.18 3.8 0.0561695 0.0461470106724
0.18 4.0 0.049946255 0.0372406378025
0.18 4.2 0.048520915 0.0401949170653
0.18 4.4 0.047564275 0.0386431299483
0.18 4.6 0.04424499 0.0296908406572
0.18 4.8 0.040155325 0.0288664685933
0.18 5.0 0.038524025 0.0297273244377
0.18 5.2 0.03756906 0.0270015614963
0.18 5.4 0.03478949 0.0264068191282
0.18 5.6 0.03309875 0.023092914683
0.18 5.8 0.03255018 0.0271022374102
0.18 6.0 0.035391475 0.0257138268395
0.18 6.2 0.03293779 0.02561559734
0.18 6.4 0.032856655 0.0238857958998
0.18 6.6 0.03343032 0.0240351974112
0.18 6.8 0.03111987 0.0225608180209
0.18 7.0 0.02919966 0.0227673721526
0.18 7.2 0.029728535 0.0233464484162
0.18 7.4 0.02806251 0.0226880429136
0.18 7.6 0.02950974 0.0225270714462
0.18 7.8 0.03001678 0.0239551868997
0.18 8.0 0.032209485 0.0252512412432
0.18 8.2 0.03132671 0.0219635482517
0.18 8.4 0.030612755 0.0225272545024
0.18 8.6 0.029525005 0.0221846473726
0.18 8.8 0.027685945 0.0213500097619
0.18 9.0 0.03111287 0.0239568087848
0.18 9.2 0.03074354 0.0234588487339
0.18 9.4 0.0339357 0.0250506631066
0.18 9.6 0.03088374 0.0241566086745
0.18 9.8 0.03045781 0.0240565847558
0.2 0.0 0.67918972 0.210326394896
0.2 0.2 0.68520013 0.207379669227
0.2 0.4 0.65438954 0.221985860734
0.2 0.6 0.65392716 0.202643498435
0.2 0.8 0.62623847 0.219316674643
0.2 1.0 0.631779095 0.217423249576
0.2 1.2 0.595052625 0.221625571683
0.2 1.4 0.532834805 0.219889683097
0.2 1.6 0.488558615 0.213000113384
0.2 1.8 0.41670311 0.201738620839
0.2 2.0 0.31731407 0.19076827026
0.2 2.2 0.278895065 0.161197563815
0.2 2.4 0.213541985 0.148068552378
0.2 2.6 0.18009469 0.129032402219
0.2 2.8 0.141675465 0.0918249009423
0.2 3.0 0.103493045 0.085001796364
0.2 3.2 0.10168073 0.0802359585575
0.2 3.4 0.075371185 0.0552520900873
0.2 3.6 0.07188325 0.0538000806578
0.2 3.8 0.06016515 0.0449909560608
0.2 4.0 0.05777941 0.0438102711652
0.2 4.2 0.05184132 0.038556968308
0.2 4.4 0.04861858 0.0344954264852
0.2 4.6 0.04449724 0.0313794464061
0.2 4.8 0.04562903 0.0333461724045
0.2 5.0 0.03995801 0.0311662950807
0.2 5.2 0.04003871 0.0283823256703
0.2 5.4 0.03745836 0.0290078996554
0.2 5.6 0.037807985 0.0278130464167
0.2 5.8 0.035516685 0.0264351816295
0.2 6.0 0.03260321 0.0244185938734
0.2 6.2 0.035421535 0.0256305192087
0.2 6.4 0.032544285 0.0255727526753
0.2 6.6 0.03155149 0.0224546017188
0.2 6.8 0.030208065 0.0229112006805
0.2 7.0 0.030518705 0.022841615257
0.2 7.2 0.03227001 0.0238461996291
0.2 7.4 0.030379875 0.0220858911031
0.2 7.6 0.03044572 0.0222517051068
0.2 7.8 0.03069057 0.0227520461923
0.2 8.0 0.029633005 0.020614501502
0.2 8.2 0.03068391 0.022789888023
0.2 8.4 0.02888191 0.0225979163573
0.2 8.6 0.030684165 0.025332394338
0.2 8.8 0.030626545 0.0230536339894
0.2 9.0 0.028646125 0.0217341106188
0.2 9.2 0.03391021 0.0244007567966
0.2 9.4 0.034035615 0.0251689964025
0.2 9.6 0.02873397 0.0213012902194
0.2 9.8 0.0275864 0.0208621266718
0.22 0.0 0.66196338 0.223802196687
0.22 0.2 0.668127 0.222139891601
0.22 0.4 0.67291315 0.232004841023
0.22 0.6 0.639955445 0.227904089028
0.22 0.8 0.61093063 0.243814790698
0.22 1.0 0.664097205 0.207201895585
0.22 1.2 0.59380579 0.222154802027
0.22 1.4 0.56094523 0.228538750204
0.22 1.6 0.529497935 0.221321756421
0.22 1.8 0.45385818 0.21733010915
0.22 2.0 0.388049 0.207980349808
0.22 2.2 0.28296794 0.175854683289
0.22 2.4 0.25584705 0.161377614353
0.22 2.6 0.200911525 0.141581693747
0.22 2.8 0.14471816 0.106694974913
0.22 3.0 0.140367345 0.0927305829984
0.22 3.2 0.100689405 0.0699958221698
0.22 3.4 0.0895878 0.0644604780658
0.22 3.6 0.077082765 0.0563730387215
0.22 3.8 0.068665485 0.0532892323095
0.22 4.0 0.065514635 0.0451842117362
0.22 4.2 0.05155738 0.038420802076
0.22 4.4 0.05376436 0.038051178053
0.22 4.6 0.051071075 0.0375928963424
0.22 4.8 0.045401415 0.0360339616593
0.22 5.0 0.039866575 0.0319438644368
0.22 5.2 0.039830985 0.0301458157406
0.22 5.4 0.040513515 0.0290612927551
0.22 5.6 0.037875505 0.0281699437527
0.22 5.8 0.038206805 0.0265529091893
0.22 6.0 0.037832755 0.0276296474005
0.22 6.2 0.03692055 0.0253712505255
0.22 6.4 0.035885415 0.0255561181464
0.22 6.6 0.034184615 0.02586688727
0.22 6.8 0.03099608 0.0225940612045
0.22 7.0 0.032290525 0.023612535504
0.22 7.2 0.031060805 0.0250234944144
0.22 7.4 0.03176753 0.0268140355627
0.22 7.6 0.031953345 0.0246029629418
0.22 7.8 0.03157574 0.0240690597307
0.22 8.0 0.032224295 0.0246233756891
0.22 8.2 0.03232029 0.0231445492725
0.22 8.4 0.03330414 0.0238924352754
0.22 8.6 0.03053212 0.0229081108365
0.22 8.8 0.02891585 0.0222767424364
0.22 9.0 0.02873692 0.0215284547115
0.22 9.2 0.03314928 0.0265646925055
0.22 9.4 0.032456025 0.0245511178926
0.22 9.6 0.034373045 0.0241369810528
0.22 9.8 0.030543345 0.0250012533405
0.24 0.0 0.660295935 0.236138765729
0.24 0.2 0.640856895 0.255109623958
0.24 0.4 0.659451535 0.24601657441
0.24 0.6 0.636261055 0.248724494353
0.24 0.8 0.649823025 0.225059368908
0.24 1.0 0.60980973 0.231215627856
0.24 1.2 0.60019215 0.214859911842
0.24 1.4 0.598119085 0.238769699576
0.24 1.6 0.515688155 0.230419804597
0.24 1.8 0.47597443 0.207700321083
0.24 2.0 0.40431496 0.212390779161
0.24 2.2 0.337149705 0.201082709556
0.24 2.4 0.24740971 0.16499976412
0.24 2.6 0.212697365 0.151394446035
0.24 2.8 0.17395669 0.125363724709
0.24 3.0 0.13994686 0.102716225601
0.24 3.2 0.110999775 0.0871536706559
0.24 3.4 0.095946655 0.0728480812842
0.24 3.6 0.088833875 0.0656502250573
0.24 3.8 0.078605095 0.0651196452536
0.24 4.0 0.06355733 0.0460408917585
0.24 4.2 0.057902455 0.0451018706369
0.24 4.4 0.05715095 0.0415657944538
0.24 4.6 0.04970381 0.0368655851106
0.24 4.8 0.04500138 0.0342193551958
0.24 5.0 0.049327095 0.0352263684625
0.24 5.2 0.042216455 0.0334572682954
0.24 5.4 0.04357732 0.0330387191887
0.24 5.6 0.04158505 0.0288425261388
0.24 5.8 0.034162955 0.0270524661825
0.24 6.0 0.03755314 0.0287910687327
0.24 6.2 0.03625064 0.0280057955265
0.24 6.4 0.04043607 0.0292292649337
0.24 6.6 0.03394941 0.0251101222214
0.24 6.8 0.032630445 0.0228276087076
0.24 7.0 0.03250231 0.0244907066679
0.24 7.2 0.0353301 0.0243623814086
0.24 7.4 0.03159843 0.0244956905529
0.24 7.6 0.03149599 0.0238668159028
0.24 7.8 0.03195375 0.0241518314839
0.24 8.0 0.03243551 0.0230025067623
0.24 8.2 0.031672295 0.0224267711822
0.24 8.4 0.031212605 0.0253131602296
0.24 8.6 0.0338189 0.0245869036515
0.24 8.8 0.03154547 0.0236365252076
0.24 9.0 0.03502357 0.0252641846307
0.24 9.2 0.0291037 0.0231236876732
0.24 9.4 0.032882175 0.0234362265575
0.24 9.6 0.034675275 0.0242955065343
0.24 9.8 0.03170314 0.02363471125
0.26 0.0 0.63528985 0.248673687209
0.26 0.2 0.67378581 0.246510804156
0.26 0.4 0.641687415 0.249517414909
0.26 0.6 0.67158278 0.239113558355
0.26 0.8 0.659373335 0.224523251362
0.26 1.0 0.668768655 0.237057709111
0.26 1.2 0.61224712 0.236634451354
0.26 1.4 0.57994192 0.252942451562
0.26 1.6 0.56151101 0.228501910207
0.26 1.8 0.496974185 0.237808531414
0.26 2.0 0.46043093 0.240266806691
0.26 2.2 0.34732015 0.208863745622
0.26 2.4 0.273212735 0.174545017284
0.26 2.6 0.26357851 0.179548698886
0.26 2.8 0.18958971 0.14300450042
0.26 3.0 0.164723595 0.112575781076
0.26 3.2 0.123140905 0.087743760846
0.26 3.4 0.113569645 0.0874193185295
0.26 3.6 0.1039577 0.0801971516653
0.26 3.8 0.08188783 0.0621957719442
0.26 4.0 0.075316035 0.0534986668273
0.26 4.2 0.067146185 0.0493117265386
0.26 4.4 0.058223415 0.0412524312719
0.26 4.6 0.053639365 0.0412100294765
0.26 4.8 0.05045961 0.0401569789944
0.26 5.0 0.050486225 0.0401141724182
0.26 5.2 0.050014755 0.038300513521
0.26 5.4 0.043145465 0.0344724635786
0.26 5.6 0.042045485 0.0330375984943
0.26 5.8 0.04152132 0.0312155800085
0.26 6.0 0.04307428 0.031347182487
0.26 6.2 0.038457685 0.030022872169
0.26 6.4 0.03760653 0.0268854044329
0.26 6.6 0.036389855 0.0251380453227
0.26 6.8 0.03686045 0.0261902774819
0.26 7.0 0.03419287 0.0245678537142
0.26 7.2 0.035283015 0.0256362724093
0.26 7.4 0.032895145 0.0241814635799
0.26 7.6 0.032937935 0.024828628001
0.26 7.8 0.03326302 0.0260527139371
0.26 8.0 0.03776689 0.0264335220965
0.26 8.2 0.03369722 0.0248990730071
0.26 8.4 0.035279385 0.0263747100171
0.26 8.6 0.031733065 0.0254391313348
0.26 8.8 0.03169804 0.0244550201003
0.26 9.0 0.032549915 0.0251115435648
0.26 9.2 0.03383055 0.025005238229
0.26 9.4 0.03131114 0.0248427618002
0.26 9.6 0.035067465 0.0246647064264
0.26 9.8 0.034947215 0.0250321349507
0.28 0.0 0.64268694 0.253543299648
0.28 0.2 0.647799215 0.253181819507
0.28 0.4 0.68679529 0.244701270449
0.28 0.6 0.663946135 0.238390238769
0.28 0.8 0.66758907 0.232432087188
0.28 1.0 0.65961839 0.224241985458
0.28 1.2 0.63691268 0.224693316181
0.28 1.4 0.60409412 0.229814930225
0.28 1.6 0.539745225 0.251622612098
0.28 1.8 0.520746215 0.244755423806
0.28 2.0 0.422880625 0.242157760748
0.28 2.2 0.395003845 0.219190787031
0.28 2.4 0.28812931 0.188128062038
0.28 2.6 0.274410765 0.175397571773
0.28 2.8 0.21003792 0.161827461631
0.28 3.0 0.1719979 0.123086076788
0.28 3.2 0.148117795 0.106960850654
0.28 3.4 0.108361755 0.0889580581869
0.28 3.6 0.11020246 0.0791625300126
0.28 3.8 0.093615985 0.0673312632231
0.28 4.0 0.07089043 0.0571832710134
0.28 4.2 0.068688585 0.0511282992918
0.28 4.4 0.064744425 0.0461493840816
0.28 4.6 0.059899615 0.0452161047166
0.28 4.8 0.058953455 0.0432361127436
0.28 5.0 0.051344635 0.0405834096591
0.28 5.2 0.043407405 0.0323858319889
0.28 5.4 0.04809238 0.0379440578081
0.28 5.6 0.04316233 0.0327048442658
0.28 5.8 0.04260376 0.0284863028135
0.28 6.0 0.042309965 0.0299414116291
0.28 6.2 0.04143105 0.0309115023593
0.28 6.4 0.038277965 0.0302918194278
0.28 6.6 0.03851157 0.031372940295
0.28 6.8 0.036608315 0.0277282459178
0.28 7.0 0.0360049 0.0268690129385
0.28 7.2 0.03588842 0.0257715499824
0.28 7.4 0.03824681 0.029476977733
0.28 7.6 0.035092635 0.0263772816411
0.28 7.8 0.033038235 0.0254209822804
0.28 8.0 0.035343695 0.0254462773962
0.28 8.2 0.037766325 0.0248477869306
0.28 8.4 0.03300781 0.0243512440638
0.28 8.6 0.035561375 0.0271850402967
0.28 8.8 0.03074093 0.0252313048536
0.28 9.0 0.036702205 0.0274296098819
0.28 9.2 0.037110185 0.0264389504911
0.28 9.4 0.03683694 0.0265252066866
0.28 9.6 0.031766475 0.0248665768991
0.28 9.8 0.036999355 0.0287178131378
0.3 0.0 0.657705835 0.265868150403
0.3 0.2 0.659723965 0.262609413424
0.3 0.4 0.64371133 0.267200144644
0.3 0.6 0.641822875 0.242472472537
0.3 0.8 0.65522713 0.24447738642
0.3 1.0 0.631585235 0.26021492795
0.3 1.2 0.60295247 0.254453564011
0.3 1.4 0.57376358 0.259253601432
0.3 1.6 0.547162695 0.25693066836
0.3 1.8 0.5217491 0.246908293031
0.3 2.0 0.465468705 0.229400261673
0.3 2.2 0.392960905 0.220090437522
0.3 2.4 0.34229157 0.21096621031
0.3 2.6 0.277897435 0.187927502129
0.3 2.8 0.234393265 0.167928888598
0.3 3.0 0.182584515 0.141526268302
0.3 3.2 0.15075325 0.113325503141
0.3 3.4 0.13763457 0.0991531613128
0.3 3.6 0.1092727 0.0820099630978
0.3 3.8 0.10267314 0.0771881926844
0.3 4.0 0.083716975 0.0627222939026
0.3 4.2 0.08013641 0.0614534613536
0.3 4.4 0.0723849 0.0536451238739
0.3 4.6 0.06688077 0.0496877971265
0.3 4.8 0.058434445 0.0385748495107
0.3 5.0 0.056387265 0.0401819994885
0.3 5.2 0.056052865 0.0421269372284
0.3 5.4 0.049757835 0.0389845838971
0.3 5.6 0.048464725 0.0374377934829
0.3 5.8 0.04713244 0.0365081104472
0.3 6.0 0.037898985 0.0295835866591
0.3 6.2 0.04149474 0.0318413550302
0.3 6.4 0.039803695 0.02984993445
0.3 6.6 0.03900091 0.0298925653843
0.3 6.8 0.03717921 0.0278085932116
0.3 7.0 0.040137325 0.030110331402
0.3 7.2 0.035393445 0.025830298468
0.3 7.4 0.03950964 0.0296324621775
0.3 7.6 0.037471925 0.0292416212182
0.3 7.8 0.035517305 0.0281529082058
0.3 8.0 0.03723517 0.0285082961941
0.3 8.2 0.035692355 0.0265630123527
0.3 8.4 0.03795582 0.0263902813651
0.3 8.6 0.03407293 0.0252659020994
0.3 8.8 0.040007905 0.0295793276096
0.3 9.0 0.034915685 0.0245492464476
0.3 9.2 0.03606734 0.0256612110348
0.3 9.4 0.03651461 0.029810075023
0.3 9.6 0.03489236 0.0270563753931
0.3 9.8 0.03910642 0.0269378012444
0.32 0.0 0.617700645 0.247875137317
0.32 0.2 0.649338275 0.243868273645
0.32 0.4 0.667570175 0.239711813739
0.32 0.6 0.635418255 0.2656408254
0.32 0.8 0.624850055 0.249946438361
0.32 1.0 0.64015841 0.258589140808
0.32 1.2 0.618407075 0.24702809051
0.32 1.4 0.616834205 0.262407297795
0.32 1.6 0.568171535 0.270081035158
0.32 1.8 0.530112585 0.243506716377
0.32 2.0 0.46839932 0.224857258463
0.32 2.2 0.397818385 0.230542975663
0.32 2.4 0.3666678 0.226998581348
0.32 2.6 0.2941031 0.184307202308
0.32 2.8 0.252910635 0.173386393877
0.32 3.0 0.191044075 0.159301202414
0.32 3.2 0.167226405 0.119871710837
0.32 3.4 0.14210751 0.107298750469
0.32 3.6 0.121981695 0.0940721415558
0.32 3.8 0.11392533 0.0778988640282
0.32 4.0 0.09278472 0.0683836899455
0.32 4.2 0.080904315 0.0602235243951
0.32 4.4 0.070621905 0.054810895024
0.32 4.6 0.069207 0.0527241126927
0.32 4.8 0.06800802 0.0492906350587
0.32 5.0 0.06615082 0.0514746328414
0.32 5.2 0.05279648 0.0417657256397
0.32 5.4 0.05504728 0.0404618208377
0.32 5.6 0.049089045 0.0359995856485
0.32 5.8 0.045645935 0.0355201756881
0.32 6.0 0.042447335 0.0341922603408
0.32 6.2 0.04129054 0.0334484492146
0.32 6.4 0.042400525 0.0325058038356
0.32 6.6 0.0402134 0.0294629469818
0.32 6.8 0.04397397 0.0312878609927
0.32 7.0 0.040916165 0.0307270105513
0.32 7.2 0.041665925 0.0280778433764
0.32 7.4 0.038871615 0.0276451130433
0.32 7.6 0.037855975 0.0294507742906
0.32 7.8 0.03450975 0.0246496190086
0.32 8.0 0.035956305 0.0288088213728
0.32 8.2 0.04078925 0.0270648481292
0.32 8.4 0.039855525 0.0275788482114
0.32 8.6 0.033158665 0.0255761218452
0.32 8.8 0.033963405 0.0270377964574
0.32 9.0 0.035813985 0.0259745700404
0.32 9.2 0.035264955 0.0258905804831
0.32 9.4 0.034101485 0.0274898902962
0.32 9.6 0.036306775 0.0298781989081
0.32 9.8 0.03578158 0.02461824168
0.34 0.0 0.63296489 0.273326116648
0.34 0.2 0.605573155 0.284543380424
0.34 0.4 0.64299845 0.250577063684
0.34 0.6 0.60421095 0.271214958393
0.34 0.8 0.625662495 0.263218361936
0.34 1.0 0.6125446 0.262433533722
0.34 1.2 0.607122965 0.276059448938
0.34 1.4 0.60442372 0.265965917623
0.34 1.6 0.5494934 0.258817101143
0.34 1.8 0.56653804 0.244523182629
0.34 2.0 0.52217493 0.246282094834
0.34 2.2 0.43296935 0.23838743035
0.34 2.4 0.35766291 0.239483718433
0.34 2.6 0.29511548 0.203278268333
0.34 2.8 0.241998525 0.175173094694
0.34 3.0 0.220419645 0.153384780772
0.34 3.2 0.17114925 0.126532771359
0.34 3.4 0.15259815 0.117768605444
0.34 3.6 0.12348361 0.097262744571
0.34 3.8 0.11711519 0.08332360219
0.34 4.0 0.10772999 0.0755243847932
0.34 4.2 0.086768245 0.0629845023476
0.34 4.4 0.07571336 0.0549243950268
0.34 4.6 0.069195495 0.0569265734847
0.34 4.8 0.064367875 0.0438893402904
0.34 5.0 0.066621275 0.0499239517885
0.34 5.2 0.05356218 0.0436520072744
0.34 5.4 0.04985176 0.0425280309315
0.34 5.6 0.05323272 0.0410521764713
0.34 5.8 0.04734506 0.0364170535213
0.34 6.0 0.046649185 0.0350000995104
0.34 6.2 0.045133825 0.0338639293523
0.34 6.4 0.043722575 0.0336033552995
0.34 6.6 0.04531141 0.0338440755569
0.34 6.8 0.03881237 0.0310208835861
0.34 7.0 0.041348435 0.0332514192618
0.34 7.2 0.043182175 0.0300164237731
0.34 7.4 0.040672735 0.0311422559713
0.34 7.6 0.03741354 0.0289358917438
0.34 7.8 0.03650214 0.0274960486154
0.34 8.0 0.033636545 0.0274282974267
0.34 8.2 0.034909985 0.0254737295068
0.34 8.4 0.038715345 0.0293418451999
0.34 8.6 0.036960865 0.0278784451232
0.34 8.8 0.037716045 0.0297957761982
0.34 9.0 0.03972744 0.0275339778943
0.34 9.2 0.03695998 0.027602437621
0.34 9.4 0.03338571 0.0257740444571
0.34 9.6 0.03547878 0.0245591315223
0.34 9.8 0.031065785 0.0254794797258
0.36 0.0 0.63062923 0.283504939196
0.36 0.2 0.62168575 0.2611134179
0.36 0.4 0.60416584 0.259598382499
0.36 0.6 0.65209771 0.259911276507
0.36 0.8 0.615481645 0.291072731164
0.36 1.0 0.61139945 0.270624429673
0.36 1.2 0.609344945 0.245953940962
0.36 1.4 0.5752902 0.261213641724
0.36 1.6 0.58538686 0.248478574839
0.36 1.8 0.56920108 0.276175539692
0.36 2.0 0.492792235 0.259589997191
0.36 2.2 0.449511225 0.256805708274
0.36 2.4 0.391087385 0.212317596891
0.36 2.6 0.322400255 0.209179417818
0.36 2.8 0.251196735 0.166240637409
0.36 3.0 0.241035845 0.168200900541
0.36 3.2 0.191250975 0.144382670492
0.36 3.4 0.14946812 0.119517309362
0.36 3.6 0.142404115 0.102616907471
0.36 3.8 0.11746056 0.089659743229
0.36 4.0 0.10793525 0.0782664080021
0.36 4.2 0.09562224 0.0744738219772
0.36 4.4 0.08042926 0.0636745865171
0.36 4.6 0.084639585 0.0617080330636
0.36 4.8 0.072087765 0.0535679956072
0.36 5.0 0.062536165 0.0486976580181
0.36 5.2 0.063125105 0.0460255348126
0.36 5.4 0.05541764 0.0414121930755
0.36 5.6 0.05161016 0.0412232848899
0.36 5.8 0.05151543 0.0394356818503
0.36 6.0 0.04354672 0.0339251779275
0.36 6.2 0.0504737 0.0374183906165
0.36 6.4 0.04691941 0.0357847070134
0.36 6.6 0.042121775 0.0327282998296
0.36 6.8 0.03906019 0.0328878284288
0.36 7.0 0.04019161 0.0306755107175
0.36 7.2 0.041284245 0.0301600708931
0.36 7.4 0.041842335 0.0311105290168
0.36 7.6 0.03465028 0.026435471707
0.36 7.8 0.038331355 0.0282638342429
0.36 8.0 0.035970075 0.027203806353
0.36 8.2 0.038448165 0.0274911693161
0.36 8.4 0.036591095 0.0269328708673
0.36 8.6 0.03922405 0.0285973122665
0.36 8.8 0.03476528 0.029552846858
0.36 9.0 0.03961117 0.0289315490337
0.36 9.2 0.034092855 0.0264460010569
0.36 9.4 0.03809213 0.0284016601797
0.36 9.6 0.034345265 0.0294147961382
0.36 9.8 0.03350698 0.0265371833999
0.38 0.0 0.59499468 0.284797067788
0.38 0.2 0.614586995 0.266998515006
0.38 0.4 0.66603094 0.261127193844
0.38 0.6 0.60855499 0.270035821905
0.38 0.8 0.619634575 0.269875504402
0.38 1.0 0.62069524 0.269311804091
0.38 1.2 0.600401975 0.270769860476
0.38 1.4 0.591633425 0.282431022681
0.38 1.6 0.565463235 0.275100565819
0.38 1.8 0.54058355 0.270069041664
0.38 2.0 0.4839606 0.247190637663
0.38 2.2 0.46449912 0.242759172838
0.38 2.4 0.418303115 0.243876492758
0.38 2.6 0.362204025 0.227019480018
0.38 2.8 0.29517335 0.206839249208
0.38 3.0 0.222211375 0.166061111307
0.38 3.2 0.20725395 0.149893381116
0.38 3.4 0.18488999 0.131536389357
0.38 3.6 0.15390934 0.114128049343
0.38 3.8 0.128639865 0.100946966242
0.38 4.0 0.11060919 0.0911204304085
0.38 4.2 0.08933031 0.0715560670304
0.38 4.4 0.08853771 0.0659199249048
0.38 4.6 0.08029306 0.0621069791087
0.38 4.8 0.068122905 0.0539326646123
0.38 5.0 0.07349877 0.0566705956958
0.38 5.2 0.063578235 0.0454417493961
0.38 5.4 0.05810344 0.0458278759898
0.38 5.6 0.04975267 0.0461445909648
0.38 5.8 0.06182738 0.0455112316529
0.38 6.0 0.049961065 0.0361616860347
0.38 6.2 0.05161627 0.0365805727043
0.38 6.4 0.050542535 0.0379559815356
0.38 6.6 0.040673115 0.0312827687698
0.38 6.8 0.045466085 0.03352943056
0.38 7.0 0.043238645 0.0312826343806
0.38 7.2 0.04198432 0.0300150755421
0.38 7.4 0.04146344 0.0313335260138
0.38 7.6 0.03838631 0.0304017159546
0.38 7.8 0.039013455 0.0292789089279
0.38 8.0 0.038828135 0.0287867252845
0.38 8.2 0.03865751 0.027339759483
0.38 8.4 0.03629575 0.0299102204142
0.38 8.6 0.03850667 0.0296164276409
0.38 8.8 0.036066505 0.0275262459215
0.38 9.0 0.03469602 0.0276585439116
0.38 9.2 0.036342295 0.028049071845
0.38 9.4 0.04037751 0.0327463501743
0.38 9.6 0.038493075 0.0276718313517
0.38 9.8 0.03496254 0.0254702492286
0.4 0.0 0.569395675 0.283676250378
0.4 0.2 0.56831786 0.281681214153
0.4 0.4 0.55398773 0.267919716806
0.4 0.6 0.58076667 0.275477892651
0.4 0.8 0.59231329 0.272230354121
0.4 1.0 0.58991341 0.285946812317
0.4 1.2 0.60714491 0.28493466112
0.4 1.4 0.589296125 0.285019496759
0.4 1.6 0.585641985 0.268488946504
0.4 1.8 0.569831085 0.243116984475
0.4 2.0 0.51284623 0.269972223094
0.4 2.2 0.452183385 0.257647208183
0.4 2.4 0.40424963 0.246481049012
0.4 2.6 0.3646708 0.223263844789
0.4 2.8 0.29914067 0.215276517589
0.4 3.0 0.257586045 0.179536019929
0.4 3.2 0.20409866 0.146337625189
0.4 3.4 0.185745635 0.137002813525
0.4 3.6 0.167570065 0.112398443704
0.4 3.8 0.138458005 0.108239232802
0.4 4.0 0.11950669 0.0974201780247
0.4 4.2 0.1058202 0.0824069586615
0.4 4.4 0.108485035 0.0829542355369
0.4 4.6 0.08341377 0.0645242296033
0.4 4.8 0.07700563 0.056294008506
0.4 5.0 0.064869 0.0541164138256
0.4 5.2 0.066417095 0.054517662117
0.4 5.4 0.063045325 0.0479392852345
0.4 5.6 0.058457535 0.0420632533793
0.4 5.8 0.06041705 0.0417609287945
0.4 6.0 0.055128345 0.0394061120334
0.4 6.2 0.05122396 0.039756904039
0.4 6.4 0.048104055 0.0351847422907
0.4 6.6 0.046277455 0.0360148136459
0.4 6.8 0.043252555 0.030809199838
0.4 7.0 0.042834375 0.0323779762526
0.4 7.2 0.043689495 0.0314511945285
0.4 7.4 0.04460472 0.0331000492971
0.4 7.6 0.039536035 0.0283981953815
0.4 7.8 0.041841535 0.0317275314326
0.4 8.0 0.04071461 0.0292287183379
0.4 8.2 0.03923375 0.0288819956144
0.4 8.4 0.04096552 0.0297877979154
0.4 8.6 0.03802159 0.0293211317343
0.4 8.8 0.038973625 0.0307490364268
0.4 9.0 0.04025273 0.0289946018817
0.4 9.2 0.038616375 0.0330276278449
0.4 9.4 0.041585955 0.0303598842684
0.4 9.6 0.039146485 0.0290690157635
0.4 9.8 0.036951805 0.0266842342217
0.42 0.0 0.582347385 0.27718371654
0.42 0.2 0.60860648 0.285362141772
0.42 0.4 0.602828425 0.287160177839
0.42 0.6 0.58728131 0.283731486213
0.42 0.8 0.56928825 0.277427260992
0.42 1.0 0.597686735 0.291628297513
0.42 1.2 0.597436175 0.263476586038
0.42 1.4 0.568648305 0.280654528919
0.42 1.6 0.576111455 0.277637466724
0.42 1.8 0.53881308 0.278861163209
0.42 2.0 0.516445565 0.283371539802
0.42 2.2 0.47886737 0.273136618397
0.42 2.4 0.420535175 0.259771454576
0.42 2.6 0.35081717 0.232077310673
0.42 2.8 0.307487225 0.207704251946
0.42 3.0 0.27766695 0.191260503918
0.42 3.2 0.243246265 0.170747023371
0.42 3.4 0.19303488 0.153018899594
0.42 3.6 0.155122485 0.125606193428
0.42 3.8 0.148533085 0.107523450856
0.42 4.0 0.129422455 0.100619720883
0.42 4.2 0.115801055 0.0898429074604
0.42 4.4 0.10531431 0.0812728676854
0.42 4.6 0.097308995 0.0698705211469
0.42 4.8 0.086746085 0.0668899249156
0.42 5.0 0.07579318 0.0546530734946
0.42 5.2 0.06729618 0.0528532184251
0.42 5.4 0.070936485 0.0530642189981
0.42 5.6 0.065902615 0.0520131162755
0.42 5.8 0.05643933 0.0433689229873
0.42 6.0 0.05836876 0.0421423505459
0.42 6.2 0.059502975 0.0442742561377
0.42 6.4 0.05664571 0.0385428528722
0.42 6.6 0.054182595 0.0361718789302
0.42 6.8 0.053500525 0.0379388224853
0.42 7.0 0.04680435 0.0328587502368
0.42 7.2 0.04798494 0.0330835813644
0.42 7.4 0.04099614 0.0332702169697
0.42 7.6 0.04308618 0.0338339347304
0.42 7.8 0.04297906 0.0293032417092
0.42 8.0 0.04254874 0.0329792275207
0.42 8.2 0.04094106 0.0322736016779
0.42 8.4 0.0424201 0.0326733953057
0.42 8.6 0.039109375 0.0298885668705
0.42 8.8 0.03915893 0.0299379100751
0.42 9.0 0.04225775 0.0291132444226
0.42 9.2 0.0400887 0.0300365159464
0.42 9.4 0.036986595 0.0314426436823
0.42 9.6 0.043024625 0.033051917139
0.42 9.8 0.039783205 0.0285795818649
0.44 0.0 0.58239053 0.275080608212
0.44 0.2 0.594288465 0.265609735701
0.44 0.4 0.56827096 0.286123837234
0.44 0.6 0.57954741 0.283422041905
0.44 0.8 0.57899864 0.281081084337
0.44 1.0 0.58961739 0.287285117086
0.44 1.2 0.60026193 0.283442572924
0.44 1.4 0.583014945 0.277953358007
0.44 1.6 0.54822927 0.27281206071
0.44 1.8 0.54722585 0.279328464901
0.44 2.0 0.520979425 0.271002797544
0.44 2.2 0.481573935 0.277186240756
0.44 2.4 0.436167645 0.25358797289
0.44 2.6 0.409978625 0.244995370137
0.44 2.8 0.306635805 0.215322763509
0.44 3.0 0.277928055 0.193819974921
0.44 3.2 0.238328365 0.167745353817
0.44 3.4 0.22001281 0.138977046696
0.44 3.6 0.168610135 0.127920966283
0.44 3.8 0.15344006 0.111752770287
0.44 4.0 0.13033339 0.091807971211
0.44 4.2 0.11853501 0.0834085804496
0.44 4.4 0.10538405 0.0901002370532
0.44 4.6 0.0966021 0.070561046077
0.44 4.8 0.099023255 0.0815190460554
0.44 5.0 0.079666445 0.0587146049647
0.44 5.2 0.081435935 0.0592514869514
0.44 5.4 0.069801865 0.0508690625621
0.44 5.6 0.06874255 0.0539016158469
0.44 5.8 0.061007915 0.0473284379616
0.44 6.0 0.05679027 0.0440079785578
0.44 6.2 0.055904845 0.0445023319167
0.44 6.4 0.055520635 0.0383568350097
0.44 6.6 0.050105485 0.0342978197136
0.44 6.8 0.04955829 0.0395470584636
0.44 7.0 0.05029479 0.0387184997289
0.44 7.2 0.04905002 0.0362393351452
0.44 7.4 0.042254405 0.0322247990945
0.44 7.6 0.04974128 0.0344359015979
0.44 7.8 0.04270591 0.0302698590161
0.44 8.0 0.041783535 0.0302963440479
0.44 8.2 0.04499085 0.0360229548316
0.44 8.4 0.042146375 0.033068446398
0.44 8.6 0.04047128 0.0320913783579
0.44 8.8 0.03740236 0.0305414404436
0.44 9.0 0.04400543 0.0321202899943
0.44 9.2 0.039733825 0.0292598130297
0.44 9.4 0.03837249 0.0306823850914
0.44 9.6 0.04338134 0.0313571809627
0.44 9.8 0.038522235 0.0285843860081
0.46 0.0 0.55406262 0.277609402273
0.46 0.2 0.56962039 0.282159054406
0.46 0.4 0.57035218 0.28758071893
0.46 0.6 0.59297608 0.282636726211
0.46 0.8 0.579615665 0.258838519765
0.46 1.0 0.58442618 0.285531718587
0.46 1.2 0.561960485 0.294484707488
0.46 1.4 0.54532279 0.27440099587
0.46 1.6 0.57774503 0.275967718914
0.46 1.8 0.54012291 0.286299943952
0.46 2.0 0.499753595 0.280814505041
0.46 2.2 0.48174868 0.263128119622
0.46 2.4 0.436316395 0.257162537208
0.46 2.6 0.406112055 0.246877905926
0.46 2.8 0.3359148 0.216497889107
0.46 3.0 0.299597505 0.210418719691
0.46 3.2 0.247982995 0.183003470408
0.46 3.4 0.220074585 0.163858068639
0.46 3.6 0.178423195 0.123634161442
0.46 3.8 0.16856244 0.131197871837
0.46 4.0 0.13740969 0.105862736686
0.46 4.2 0.135876135 0.098254563109
0.46 4.4 0.09893544 0.0731272538128
0.46 4.6 0.106173145 0.0837625069345
0.46 4.8 0.09727653 0.0771418247368
0.46 5.0 0.084507795 0.066848585791
0.46 5.2 0.083703355 0.0623088652655
0.46 5.4 0.079162305 0.0523275271728
0.46 5.6 0.068634005 0.0528886866055
0.46 5.8 0.061619135 0.0503241364442
0.46 6.0 0.060406435 0.0482559701439
0.46 6.2 0.05284984 0.0405934690701
0.46 6.4 0.054728915 0.0418686318514
0.46 6.6 0.05270514 0.040489353761
0.46 6.8 0.051511355 0.0360005435988
0.46 7.0 0.04686682 0.0361174037997
0.46 7.2 0.04690597 0.037399165672
0.46 7.4 0.04550617 0.0368445836239
0.46 7.6 0.0449672 0.0317551062018
0.46 7.8 0.043806595 0.0297434360919
0.46 8.0 0.052180515 0.0391197267772
0.46 8.2 0.045896355 0.0326701977807
0.46 8.4 0.04136088 0.0312469275467
0.46 8.6 0.04444049 0.0312412739289
0.46 8.8 0.03986593 0.0305834498068
0.46 9.0 0.043125785 0.0309436059739
0.46 9.2 0.04074777 0.0276146057277
0.46 9.4 0.038796585 0.0297966888099
0.46 9.6 0.04160313 0.028917343599
0.46 9.8 0.03828905 0.0268551880928
0.48 0.0 0.54009069 0.287671558895
0.48 0.2 0.57111581 0.288223787484
0.48 0.4 0.58888149 0.300105512544
0.48 0.6 0.581737015 0.285785290984
0.48 0.8 0.56092877 0.273785703071
0.48 1.0 0.591507535 0.271510094773
0.48 1.2 0.56160934 0.277717870827
0.48 1.4 0.576739345 0.269425817886
0.48 1.6 0.55871719 0.287256527973
0.48 1.8 0.519013545 0.290328339686
0.48 2.0 0.493818685 0.277627665487
0.48 2.2 0.47094147 0.278151376865
0.48 2.4 0.465451035 0.263750314225
0.48 2.6 0.40756266 0.24665528647
0.48 2.8 0.344895865 0.232668977551
0.48 3.0 0.332535565 0.231864943277
0.48 3.2 0.260785665 0.193374402825
0.48 3.4 0.23030632 0.179335201286
0.48 3.6 0.212892795 0.145935370075
0.48 3.8 0.165966585 0.125797101348
0.48 4.0 0.156145735 0.115210445532
0.48 4.2 0.13991506 0.109095752928
0.48 4.4 0.111247 0.0780943384475
0.48 4.6 0.10345249 0.0840947590043
0.48 4.8 0.093805905 0.076985019323
0.48 5.0 0.091996785 0.0686813975117
0.48 5.2 0.071689735 0.0547481539726
0.48 5.4 0.07782309 0.0568903046861
0.48 5.6 0.07386698 0.0543576607631
0.48 5.8 0.06364498 0.0469346283339
0.48 6.0 0.063155215 0.0496265199896
0.48 6.2 0.057502415 0.044784636286
0.48 6.4 0.056332765 0.0443856342926
0.48 6.6 0.057735965 0.0447522507319
0.48 6.8 0.055228155 0.0393352467697
0.48 7.0 0.046248065 0.0369679334696
0.48 7.2 0.048755705 0.0371667426019
0.48 7.4 0.04719622 0.0358073919817
0.48 7.6 0.047180065 0.0350964443131
0.48 7.8 0.047968615 0.0321993843653
0.48 8.0 0.04394117 0.0326724342399
0.48 8.2 0.04670259 0.0351838620838
0.48 8.4 0.043207215 0.0324931415897
0.48 8.6 0.0468217 0.0350067162846
0.48 8.8 0.04459976 0.0344262391873
0.48 9.0 0.04666249 0.0354194974246
0.48 9.2 0.038651795 0.0313766896865
0.48 9.4 0.03931922 0.0284161388327
0.48 9.6 0.043541235 0.0320590336306
0.48 9.8 0.041750505 0.0297886773446
0.5 0.0 0.544077785 0.277408078123
0.5 0.2 0.535454745 0.283687620043
0.5 0.4 0.541437535 0.286469829912
0.5 0.6 0.514905005 0.276617176387
0.5 0.8 0.515355585 0.288836918833
0.5 1.0 0.56652987 0.294250416634
0.5 1.2 0.590383255 0.292028980605
0.5 1.4 0.562266645 0.272421980717
0.5 1.6 0.553704155 0.277398534537
0.5 1.8 0.529613865 0.290653199541
0.5 2.0 0.52406609 0.2974463244
0.5 2.2 0.50315975 0.283360514202
0.5 2.4 0.45905896 0.256667888795
0.5 2.6 0.414203485 0.237653137723
0.5 2.8 0.359036045 0.237105479369
0.5 3.0 0.32488644 0.204670128467
0.5 3.2 0.292647745 0.208434442866
0.5 3.4 0.24861728 0.171870318644
0.5 3.6 0.198528255 0.162269184454
0.5 3.8 0.192175615 0.138663951615
0.5 4.0 0.149008505 0.111052707739
0.5 4.2 0.144459335 0.106394789961
0.5 4.4 0.13330906 0.104443731083
0.5 4.6 0.11511841 0.080957952081
0.5 4.8 0.115056015 0.076966386858
0.5 5.0 0.103316565 0.074793241939
0.5 5.2 0.089018745 0.0683253430223
0.5 5.4 0.07397159 0.0576009808132
0.5 5.6 0.077291235 0.0593873825619
0.5 5.8 0.07265064 0.054383918979
0.5 6.0 0.06558214 0.0519760793818
0.5 6.2 0.063863825 0.0470261141033
0.5 6.4 0.064851505 0.0437993804518
0.5 6.6 0.05870589 0.0442514697416
0.5 6.8 0.056039205 0.0421138937919
0.5 7.0 0.05518807 0.042155186322
0.5 7.2 0.052989305 0.0429326316391
0.5 7.4 0.04904421 0.0386025897214
0.5 7.6 0.04449672 0.0342649485047
0.5 7.8 0.04357808 0.0335853435538
0.5 8.0 0.04562974 0.0344577911009
0.5 8.2 0.045063955 0.0313607382327
0.5 8.4 0.04767697 0.035292905084
0.5 8.6 0.044841965 0.0304068398267
0.5 8.8 0.041627005 0.0332693434224
0.5 9.0 0.04072622 0.0307327814384
0.5 9.2 0.04160923 0.0325256287392
0.5 9.4 0.042511785 0.0304718751948
0.5 9.6 0.03801397 0.0312319504605
0.5 9.8 0.04374215 0.0316034416605
0.52 0.0 0.56736089 0.296907636541
0.52 0.2 0.535434295 0.2665263983
0.52 0.4 0.562232185 0.284554302582
0.52 0.6 0.51985573 0.301022110554
0.52 0.8 0.55905963 0.288727481268
0.52 1.0 0.537214305 0.281908774994
0.52 1.2 0.538360145 0.267157803359
0.52 1.4 0.565759575 0.285613302044
0.52 1.6 0.524124205 0.279636024373
0.52 1.8 0.536575735 0.295023226939
0.52 2.0 0.488406295 0.287216026366
0.52 2.2 0.479979875 0.267442298061
0.52 2.4 0.466545135 0.272731293332
0.52 2.6 0.441626445 0.264072017495
0.52 2.8 0.389870365 0.249970138532
0.52 3.0 0.32774508 0.240873199525
0.52 3.2 0.292930575 0.206826641632
0.52 3.4 0.258566905 0.189785714376
0.52 3.6 0.20614032 0.155678627874
0.52 3.8 0.19581269 0.139501351765
0.52 4.0 0.152086385 0.122297474692
0.52 4.2 0.14086346 0.105156757034
0.52 4.4 0.126560785 0.0929427048798
0.52 4.6 0.116957925 0.0854357513822
0.52 4.8 0.102238825 0.0816495741809
0.52 5.0 0.094898845 0.0708851265846
0.52 5.2 0.09022057 0.0715575833677
0.52 5.4 0.0876373 0.0728973044655
0.52 5.6 0.076283675 0.0564879260312
0.52 5.8 0.067244615 0.0508515702961
0.52 6.0 0.063335955 0.0485514362054
0.52 6.2 0.063510565 0.0497750404768
0.52 6.4 0.06214014 0.0491903102698
0.52 6.6 0.0544429 0.0401371763286
0.52 6.8 0.055913865 0.0427823609652
0.52 7.0 0.05479723 0.0402738054031
0.52 7.2 0.05472453 0.0402861016118
0.52 7.4 0.056432915 0.040081566278
0.52 7.6 0.0505397 0.0366578602028
0.52 7.8 0.04674656 0.0378121053616
0.52 8.0 0.042772395 0.0345824555348
0.52 8.2 0.048005335 0.0348848079945
0.52 8.4 0.049693255 0.0367937474218
0.52 8.6 0.046468435 0.0347725646861
0.52 8.8 0.04392119 0.0329898449415
0.52 9.0 0.04025701 0.0302976391123
0.52 9.2 0.0446645 0.034878155153
0.52 9.4 0.039218265 0.0307381828354
0.52 9.6 0.04469776 0.0316731608469
0.52 9.8 0.03917764 0.0293716678325
0.54 0.0 0.533899545 0.293320772055
0.54 0.2 0.522500885 0.26620673186
0.54 0.4 0.54274118 0.26887314031
0.54 0.6 0.53181324 0.289862760234
0.54 0.8 0.518212865 0.288290805444
0.54 1.0 0.560681695 0.285910969324
0.54 1.2 0.549635575 0.299694941404
0.54 1.4 0.55882899 0.297989985839
0.54 1.6 0.548341085 0.274576436072
0.54 1.8 0.52991811 0.276103610729
0.54 2.0 0.536850385 0.28664300205
0.54 2.2 0.469794995 0.304980395971
0.54 2.4 0.452618265 0.26075109244
0.54 2.6 0.442253635 0.273909156367
0.54 2.8 0.38602119 0.256287398967
0.54 3.0 0.340180595 0.223569293807
0.54 3.2 0.294797545 0.220951953247
0.54 3.4 0.25810917 0.189144085216
0.54 3.6 0.2318357 0.158559066326
0.54 3.8 0.17782159 0.151741290274
0.54 4.0 0.16859291 0.137639153165
0.54 4.2 0.159961245 0.119692394157
0.54 4.4 0.12914277 0.10216732679
0.54 4.6 0.131970385 0.0978734561118
0.54 4.8 0.121379445 0.0908181842872
0.54 5.0 0.10371606 0.0751508700677
0.54 5.2 0.095028315 0.0733144851942
0.54 5.4 0.085246585 0.0653729361808
0.54 5.6 0.07994567 0.0620837700127
0.54 5.8 0.07482319 0.0623986062607
0.54 6.0 0.073045805 0.0548925622863
0.54 6.2 0.0650437 0.0521555143258
0.54 6.4 0.06238512 0.0477499155606
0.54 6.6 0.062257865 0.0459870956082
0.54 6.8 0.05558861 0.0435721937388
0.54 7.0 0.05447869 0.0409553147138
0.54 7.2 0.057758755 0.047169714513
0.54 7.4 0.05328619 0.0398848692779
0.54 7.6 0.054480835 0.0414274274399
0.54 7.8 0.049598785 0.036817707386
0.54 8.0 0.04730056 0.035821997431
0.54 8.2 0.04726329 0.0399426560521
0.54 8.4 0.047082465 0.0326414921737
0.54 8.6 0.048907645 0.0366215427381
0.54 8.8 0.044000725 0.0331903099994
0.54 9.0 0.04415898 0.0328831445412
0.54 9.2 0.0442822 0.0329144538398
0.54 9.4 0.04552927 0.0348815700234
0.54 9.6 0.047022475 0.0338023342888
0.54 9.8 0.04218686 0.0296719920322
0.56 0.0 0.5522297 0.290186070272
0.56 0.2 0.55136527 0.268125811664
0.56 0.4 0.536217265 0.317098515511
0.56 0.6 0.470115545 0.263767075142
0.56 0.8 0.539036865 0.284632893651
0.56 1.0 0.55378401 0.2894138946
0.56 1.2 0.53895076 0.286060017729
0.56 1.4 0.543155115 0.294469601248
0.56 1.6 0.598813775 0.282481372228
0.56 1.8 0.52112157 0.301072749078
0.56 2.0 0.51097616 0.272025448615
0.56 2.2 0.49434887 0.29040409359
0.56 2.4 0.46485442 0.269478137785
0.56 2.6 0.416738515 0.274085534453
0.56 2.8 0.36969366 0.239484627141
0.56 3.0 0.328290495 0.223127687573
0.56 3.2 0.304801775 0.221489644522
0.56 3.4 0.255904425 0.186972266023
0.56 3.6 0.2322829 0.176827487514
0.56 3.8 0.20509778 0.153504030201
0.56 4.0 0.175514285 0.129501369785
0.56 4.2 0.150404985 0.130417673769
0.56 4.4 0.135581105 0.114532007402
0.56 4.6 0.123435665 0.0915903464627
0.56 4.8 0.12185519 0.0938315825525
0.56 5.0 0.098569865 0.0799750226015
0.56 5.2 0.09912841 0.0774990708942
0.56 5.4 0.08738304 0.0676559820408
0.56 5.6 0.083981605 0.0672494603774
0.56 5.8 0.077629715 0.0545763595209
0.56 6.0 0.07034435 0.0522106667469
0.56 6.2 0.06538798 0.0492987540107
0.56 6.4 0.070011595 0.0497663787001
0.56 6.6 0.064312765 0.0505004809332
0.56 6.8 0.066953125 0.0533635232064
0.56 7.0 0.056577425 0.0429920228894
0.56 7.2 0.05143682 0.037038880835
0.56 7.4 0.05390031 0.0407238508208
0.56 7.6 0.05233119 0.0376526904622
0.56 7.8 0.049310295 0.0407011823022
0.56 8.0 0.049340245 0.0384378916202
0.56 8.2 0.04724086 0.0335380071142
0.56 8.4 0.04537358 0.0315012185566
0.56 8.6 0.05069407 0.0393999192599
0.56 8.8 0.04778582 0.0376789400846
0.56 9.0 0.0442683 0.034866668231
0.56 9.2 0.04395804 0.032757729974
0.56 9.4 0.04478848 0.0338364499185
0.56 9.6 0.0445438 0.0329177191019
0.56 9.8 0.04119897 0.0328311432771
0.58 0.0 0.481789795 0.292440387945
0.58 0.2 0.51594994 0.29025739918
0.58 0.4 0.5513836 0.297603993754
0.58 0.6 0.48706022 0.291344299087
0.58 0.8 0.511241095 0.288200188623
0.58 1.0 0.55339384 0.278949489071
0.58 1.2 0.508691955 0.27700316814
0.58 1.4 0.540600915 0.285483513712
0.58 1.6 0.52074487 0.266958165776
0.58 1.8 0.536726665 0.302509923727
0.58 2.0 0.509888865 0.283025652666
0.58 2.2 0.509929935 0.29153057274
0.58 2.4 0.47588476 0.281913632756
0.58 2.6 0.428025245 0.271164213523
0.58 2.8 0.41104488 0.23564039512
0.58 3.0 0.350923805 0.253701499152
0.58 3.2 0.31039633 0.222716800814
0.58 3.4 0.264441435 0.182446732788
0.58 3.6 0.2304606 0.15361863616
0.58 3.8 0.201060015 0.149164798501
0.58 4.0 0.17059477 0.13723470626
0.58 4.2 0.16369906 0.130552382533
0.58 4.4 0.13762623 0.117926987352
0.58 4.6 0.126704775 0.0915767245386
0.58 4.8 0.124996005 0.0945644995433
0.58 5.0 0.1019961 0.0801466467964
0.58 5.2 0.09552326 0.0736518148534
0.58 5.4 0.09454451 0.0779211591365
0.58 5.6 0.09174495 0.0678577990635
0.58 5.8 0.08427166 0.0624718751349
0.58 6.0 0.07848222 0.0595103175306
0.58 6.2 0.073900845 0.0553604363912
0.58 6.4 0.064388715 0.0509032370032
0.58 6.6 0.063665425 0.0527179533387
0.58 6.8 0.066748685 0.0473633335106
0.58 7.0 0.06300658 0.0479957971693
0.58 7.2 0.059332145 0.044556040243
0.58 7.4 0.05409156 0.0422955191932
0.58 7.6 0.05710687 0.0419372295208
0.58 7.8 0.06016768 0.0465030164229
0.58 8.0 0.05387518 0.0367306400563
0.58 8.2 0.04811064 0.0386373864934
0.58 8.4 0.04906097 0.0338786408628
0.58 8.6 0.04971243 0.0381687357766
0.58 8.8 0.0458019 0.0360835779847
0.58 9.0 0.046064485 0.0380409265575
0.58 9.2 0.043993795 0.030619700422
0.58 9.4 0.04290458 0.0309536776497
0.58 9.6 0.045505805 0.0307216908922
0.58 9.8 0.04503214 0.0352492427004
0.6 0.0 0.48088252 0.288657807718
0.6 0.2 0.555194485 0.295631229955
0.6 0.4 0.5258108 0.290279484786
0.6 0.6 0.511963925 0.290301574993
0.6 0.8 0.50105461 0.277480331199
0.6 1.0 0.528367045 0.299280619989
0.6 1.2 0.52222273 0.296598559884
0.6 1.4 0.523304405 0.277761913533
0.6 1.6 0.48296555 0.301474120322
0.6 1.8 0.514094875 0.280851450946
0.6 2.0 0.51657145 0.286442735369
0.6 2.2 0.51016044 0.295471176495
0.6 2.4 0.450368725 0.269054318399
0.6 2.6 0.45341596 0.269622810564
0.6 2.8 0.373862015 0.246088312292
0.6 3.0 0.34640918 0.259210290115
0.6 3.2 0.331084505 0.227148916307
0.6 3.4 0.29792654 0.215922669071
0.6 3.6 0.263938205 0.193467196176
0.6 3.8 0.206018185 0.164123741188
0.6 4.0 0.17311634 0.136956790218
0.6 4.2 0.16575373 0.1240237957
0.6 4.4 0.14834566 0.122595726148
0.6 4.6 0.14052935 0.107845869157
0.6 4.8 0.121912295 0.0913399009809
0.6 5.0 0.11450001 0.0885777019732
0.6 5.2 0.10292175 0.0805424069794
0.6 5.4 0.10212662 0.0728466563007
0.6 5.6 0.09237916 0.070414442248
0.6 5.8 0.085333015 0.0649789341538
0.6 6.0 0.075586125 0.0582420491138
0.6 6.2 0.073086635 0.0550192156731
0.6 6.4 0.074749555 0.053386893546
0.6 6.6 0.065303245 0.0472254999068
0.6 6.8 0.06595106 0.0501092741386
0.6 7.0 0.05997414 0.0453217555386
0.6 7.2 0.060657775 0.0489930011027
0.6 7.4 0.058082215 0.0462092709223
0.6 7.6 0.057701125 0.0417051874139
0.6 7.8 0.052161145 0.0408317147796
0.6 8.0 0.05081554 0.0388676269924
0.6 8.2 0.05210844 0.0393381022723
0.6 8.4 0.047260635 0.0373802010487
0.6 8.6 0.04265161 0.0346495476614
0.6 8.8 0.04939605 0.0338866427385
0.6 9.0 0.045313155 0.0330649361162
0.6 9.2 0.046880365 0.0347633203245
0.6 9.4 0.047227875 0.0341159484461
0.6 9.6 0.041961445 0.0311639288399
0.6 9.8 0.04734087 0.036050765252
0.62 0.0 0.48003473 0.282750730962
0.62 0.2 0.51103405 0.287319440255
0.62 0.4 0.51912691 0.29713908493
0.62 0.6 0.524752 0.290162741213
0.62 0.8 0.51836607 0.289649546648
0.62 1.0 0.50973138 0.282062185163
0.62 1.2 0.561640135 0.305637098163
0.62 1.4 0.551860945 0.300615513141
0.62 1.6 0.519232275 0.302591474897
0.62 1.8 0.489821065 0.274977177232
0.62 2.0 0.46713809 0.301078359878
0.62 2.2 0.489634465 0.289408580161
0.62 2.4 0.470577695 0.278668291374
0.62 2.6 0.456974775 0.26769025213
0.62 2.8 0.41106745 0.259893335985
0.62 3.0 0.35152091 0.249297900373
0.62 3.2 0.322512695 0.219038039396
0.62 3.4 0.290374695 0.217915405548
0.62 3.6 0.256015065 0.197878484505
0.62 3.8 0.22037502 0.165341290445
0.62 4.0 0.200999005 0.147585497041
0.62 4.2 0.193398885 0.1360333481
0.62 4.4 0.162371725 0.115887670481
0.62 4.6 0.13083757 0.0975807669978
0.62 4.8 0.13371688 0.100647527896
0.62 5.0 0.11633038 0.0827310326288
0.62 5.2 0.11187938 0.0858790657603
0.62 5.4 0.096603395 0.0729907941145
0.62 5.6 0.095051165 0.0741264604318
0.62 5.8 0.089617785 0.0745198427751
0.62 6.0 0.08414734 0.0612777721936
0.62 6.2 0.07356057 0.0575272586642
0.62 6.4 0.070766315 0.0549833899297
0.62 6.6 0.075653755 0.0545875122614
0.62 6.8 0.06618578 0.0518533132731
0.62 7.0 0.060510055 0.0501899899123
0.62 7.2 0.06361981 0.0444329279078
0.62 7.4 0.064131415 0.0478909983785
0.62 7.6 0.052452605 0.0394313030736
0.62 7.8 0.051306445 0.0369593867997
0.62 8.0 0.054520205 0.0377369595409
0.62 8.2 0.054950535 0.0447939466453
0.62 8.4 0.05044777 0.0394815734884
0.62 8.6 0.047226605 0.0359950298372
0.62 8.8 0.04995247 0.0367996339203
0.62 9.0 0.050708445 0.0366854116122
0.62 9.2 0.05069366 0.0384385597365
0.62 9.4 0.048137145 0.0379765989631
0.62 9.6 0.04836214 0.0359095641391
0.62 9.8 0.045483215 0.0366097674644
0.64 0.0 0.511853825 0.290739269605
0.64 0.2 0.507179365 0.290767781812
0.64 0.4 0.48346903 0.283728128326
0.64 0.6 0.464375385 0.279382850394
0.64 0.8 0.480690835 0.284747827599
0.64 1.0 0.481179795 0.292186462987
0.64 1.2 0.482054295 0.282187863391
0.64 1.4 0.531410885 0.280296307308
0.64 1.6 0.48464958 0.270132112155
0.64 1.8 0.515249475 0.274440032445
0.64 2.0 0.475769035 0.268490355246
0.64 2.2 0.49714553 0.268412643349
0.64 2.4 0.459604825 0.274123842604
0.64 2.6 0.41078118 0.268190070412
0.64 2.8 0.398986525 0.260544076818
0.64 3.0 0.389410415 0.243089078261
0.64 3.2 0.346971165 0.251214349262
0.64 3.4 0.309296465 0.216627658733
0.64 3.6 0.2529003 0.200537943362
0.64 3.8 0.236084155 0.180148787492
0.64 4.0 0.213070465 0.16520937321
0.64 4.2 0.177636455 0.152268178314
0.64 4.4 0.16056353 0.116107831482
0.64 4.6 0.135659865 0.100313433139
0.64 4.8 0.11552779 0.0882347639329
0.64 5.0 0.124443565 0.0929143921515
0.64 5.2 0.10942236 0.0797068649444
0.64 5.4 0.095876505 0.0726788527105
0.64 5.6 0.09629693 0.0747805808171
0.64 5.8 0.09398834 0.0676728322051
0.64 6.0 0.08109714 0.0584221626974
0.64 6.2 0.075769805 0.0609786802995
0.64 6.4 0.086057265 0.0637230448252
0.64 6.6 0.079004305 0.0618593279916
0.64 6.8 0.069244485 0.0554560333286
0.64 7.0 0.065690995 0.0499126733834
0.64 7.2 0.060415815 0.0436852849179
0.64 7.4 0.05955021 0.0466009442962
0.64 7.6 0.05713033 0.0446230962729
0.64 7.8 0.05862871 0.0485359467696
0.64 8.0 0.055155455 0.0393786735984
0.64 8.2 0.05462535 0.0413515066151
0.64 8.4 0.05183643 0.0391143811514
0.64 8.6 0.04734545 0.036721984035
0.64 8.8 0.052154445 0.0378641618973
0.64 9.0 0.05129874 0.0403519228915
0.64 9.2 0.047685665 0.037146975539
0.64 9.4 0.04362979 0.0343961278961
0.64 9.6 0.04850463 0.038772511087
0.64 9.8 0.048332305 0.0352741298011
0.66 0.0 0.45494626 0.284841345113
0.66 0.2 0.50174825 0.288822566314
0.66 0.4 0.520000915 0.300730325309
0.66 0.6 0.459144115 0.29709482754
0.66 0.8 0.425283125 0.289681815396
0.66 1.0 0.52451901 0.285920092986
0.66 1.2 0.50616725 0.303135788293
0.66 1.4 0.516109725 0.292978372183
0.66 1.6 0.51320717 0.274680674483
0.66 1.8 0.500766985 0.281612756545
0.66 2.0 0.472117145 0.284157103574
0.66 2.2 0.46161171 0.283251719316
0.66 2.4 0.45344564 0.287670656088
0.66 2.6 0.438919095 0.285197219174
0.66 2.8 0.40793248 0.269671136593
0.66 3.0 0.346797455 0.249911883773
0.66 3.2 0.319864915 0.211488029748
0.66 3.4 0.281498615 0.198220710166
0.66 3.6 0.27423422 0.205229888651
0.66 3.8 0.244842205 0.176043829597
0.66 4.0 0.20288554 0.153370165842
0.66 4.2 0.168981575 0.137923293505
0.66 4.4 0.18635671 0.142853287522
0.66 4.6 0.15350101 0.115500087839
0.66 4.8 0.133708375 0.107812801826
0.66 5.0 0.136138505 0.104818532043
0.66 5.2 0.12065605 0.0874241630835
0.66 5.4 0.10375371 0.0811368072029
0.66 5.6 0.109276755 0.0870435904311
0.66 5.8 0.08946553 0.065338434505
0.66 6.0 0.089068585 0.0644295995963
0.66 6.2 0.07850888 0.060100605489
0.66 6.4 0.07744244 0.0607809740706
0.66 6.6 0.083017225 0.0608805948306
0.66 6.8 0.073485935 0.0557212208082
0.66 7.0 0.06514145 0.0482535164003
0.66 7.2 0.066432375 0.0525087162423
0.66 7.4 0.06403797 0.0490627177328
0.66 7.6 0.06017917 0.0463449375679
0.66 7.8 0.058585125 0.0481909078753
0.66 8.0 0.061137775 0.0467862288074
0.66 8.2 0.054043275 0.0401729371962
0.66 8.4 0.05632526 0.0455625440132
0.66 8.6 0.04958137 0.0375027136151
0.66 8.8 0.056802065 0.0418936234314
0.66 9.0 0.04901989 0.0396258562475
0.66 9.2 0.050028515 0.0412239457577
0.66 9.4 0.05174191 0.036492527026
0.66 9.6 0.048229835 0.0356134983481
0.66 9.8 0.046991335 0.0370888000017
0.68 0.0 0.49174639 0.292356175896
0.68 0.2 0.466629605 0.294998439342
0.68 0.4 0.45913516 0.297436944487
0.68 0.6 0.4606785 0.28105042333
0.68 0.8 0.50089555 0.306337551537
0.68 1.0 0.441918665 0.287680128893
0.68 1.2 0.48973149 0.293114266435
0.68 1.4 0.496795785 0.304787130742
0.68 1.6 0.49406521 0.287517877268
0.68 1.8 0.52144866 0.295156879219
0.68 2.0 0.462794655 0.292075682794
0.68 2.2 0.467565525 0.284280405551
0.68 2.4 0.4854375 0.295414883555
0.68 2.6 0.45469674 0.268131449338
0.68 2.8 0.410177995 0.277583902656
0.68 3.0 0.372988805 0.261282070484
0.68 3.2 0.35462327 0.235352874038
0.68 3.4 0.30349317 0.213861375876
0.68 3.6 0.29940394 0.222662676329
0.68 3.8 0.26121309 0.186015259555
0.68 4.0 0.195890195 0.159715192432
0.68 4.2 0.190053985 0.1406046403
0.68 4.4 0.171707135 0.13236126201
0.68 4.6 0.16047395 0.12553301007
0.68 4.8 0.15123085 0.110065568035
0.68 5.0 0.13666218 0.101184176245
0.68 5.2 0.131477155 0.106335719963
0.68 5.4 0.11420713 0.087046778352
0.68 5.6 0.100503835 0.0763120732563
0.68 5.8 0.10259942 0.0833108642403
0.68 6.0 0.08276708 0.0677794680292
0.68 6.2 0.08012849 0.0637017653228
0.68 6.4 0.075546055 0.0569548349359
0.68 6.6 0.07691832 0.0543719959209
0.68 6.8 0.07210327 0.0556855377281
0.68 7.0 0.06431828 0.0513531165169
0.68 7.2 0.06513675 0.048210477395
0.68 7.4 0.06162459 0.0464986499212
0.68 7.6 0.063385135 0.0465853318559
0.68 7.8 0.05844865 0.0431144165506
0.68 8.0 0.05672737 0.0395434754248
0.68 8.2 0.05708538 0.0412379954041
0.68 8.4 0.05652457 0.0444738261932
0.68 8.6 0.050990665 0.0401443322127
0.68 8.8 0.051648175 0.0393286639761
0.68 9.0 0.04722305 0.0406161076809
0.68 9.2 0.04953193 0.0377168990673
0.68 9.4 0.051353615 0.0371700883661
0.68 9.6 0.05213546 0.0385263927146
0.68 9.8 0.04983896 0.0369431832137
0.7 0.0 0.48533743 0.291138827728
0.7 0.2 0.442777695 0.302131918283
0.7 0.4 0.487318445 0.284261039726
0.7 0.6 0.47606591 0.267981780397
0.7 0.8 0.462968295 0.299757838275
0.7 1.0 0.49744298 0.281685588852
0.7 1.2 0.4661276 0.290869785439
0.7 1.4 0.49190254 0.285138239232
0.7 1.6 0.4859626 0.297687882136
0.7 1.8 0.466528025 0.291239643987
0.7 2.0 0.475474845 0.297456277426
0.7 2.2 0.473830795 0.295179032155
0.7 2.4 0.457176065 0.28076818549
0.7 2.6 0.44549049 0.266484071544
0.7 2.8 0.400845835 0.261529619097
0.7 3.0 0.379477765 0.249582385328
0.7 3.2 0.336597845 0.241601670005
0.7 3.4 0.296064635 0.210887605852
0.7 3.6 0.26370431 0.194298282794
0.7 3.8 0.245462375 0.182783386012
0.7 4.0 0.22918082 0.178351941902
0.7 4.2 0.20401765 0.1573742338
0.7 4.4 0.18784233 0.141808252326
0.7 4.6 0.167571545 0.133738739157
0.7 4.8 0.147247395 0.104693937634
0.7 5.0 0.12676319 0.102178022804
0.7 5.2 0.122544585 0.0902647884475
0.7 5.4 0.118957215 0.0765055996377
0.7 5.6 0.10824683 0.0856497478895
0.7 5.8 0.10190665 0.0682330982013
0.7 6.0 0.093303655 0.0705220385626
0.7 6.2 0.0927202 0.0687553456533
0.7 6.4 0.084511795 0.0618796293416
0.7 6.6 0.074365535 0.0565292349036
0.7 6.8 0.079823395 0.0629488182617
0.7 7.0 0.07199743 0.0589207106141
0.7 7.2 0.07047827 0.0518934748377
0.7 7.4 0.066985825 0.049903373921
0.7 7.6 0.06334535 0.0487443653895
0.7 7.8 0.06004147 0.0424380591068
0.7 8.0 0.060990505 0.0451322078114
0.7 8.2 0.053823165 0.0412235702922
0.7 8.4 0.055000045 0.0424046670563
0.7 8.6 0.05272994 0.0408106120781
0.7 8.8 0.04973049 0.0364566569504
0.7 9.0 0.04675045 0.0352920516088
0.7 9.2 0.05488242 0.043958556984
0.7 9.4 0.053789665 0.0415710102235
0.7 9.6 0.05079787 0.0360048525093
0.7 9.8 0.046452755 0.0346831839747
0.72 0.0 0.48840117 0.299530923998
0.72 0.2 0.445421255 0.280490100757
0.72 0.4 0.416304645 0.298425492819
0.72 0.6 0.47201002 0.27639242581
0.72 0.8 0.47369823 0.2848033256
0.72 1.0 0.50066995 0.306111556575
0.72 1.2 0.479554165 0.306469332294
0.72 1.4 0.47960304 0.290096040218
0.72 1.6 0.48887489 0.29558196295
0.72 1.8 0.4785183 0.296150207007
0.72 2.0 0.48010956 0.294635799652
0.72 2.2 0.45072975 0.294872697626
0.72 2.4 0.432520785 0.269672599878
0.72 2.6 0.40184555 0.263591595229
0.72 2.8 0.41891961 0.253900845288
0.72 3.0 0.378210955 0.253599322711
0.72 3.2 0.34477344 0.220468202785
0.72 3.4 0.298231665 0.22066198185
0.72 3.6 0.28256082 0.226026190253
0.72 3.8 0.248327525 0.186745641498
0.72 4.0 0.23981557 0.171770214832
0.72 4.2 0.193442015 0.145951809115
0.72 4.4 0.178455285 0.132297440983
0.72 4.6 0.167655525 0.135596492024
0.72 4.8 0.153749695 0.12059726201
0.72 5.0 0.14734674 0.109319952005
0.72 5.2 0.116251405 0.0868868258331
0.72 5.4 0.12401092 0.0941763517011
0.72 5.6 0.112887135 0.0808435150285
0.72 5.8 0.10002286 0.0836297504077
0.72 6.0 0.10085125 0.076597954358
0.72 6.2 0.0851702 0.064963168315
0.72 6.4 0.08522629 0.0651530843474
0.72 6.6 0.08542383 0.0637938810203
0.72 6.8 0.081289285 0.0548599499677
0.72 7.0 0.07440825 0.0553126282235
0.72 7.2 0.07487294 0.0533656460002
0.72 7.4 0.0704676 0.0475318926975
0.72 7.6 0.064493905 0.0522160509814
0.72 7.8 0.06784078 0.0453249406634
0.72 8.0 0.065397795 0.0432611351652
0.72 8.2 0.05350329 0.0400282506511
0.72 8.4 0.05557685 0.0393510165042
0.72 8.6 0.057721665 0.0419666613688
0.72 8.8 0.053949175 0.0425360998444
0.72 9.0 0.055130665 0.0430560147939
0.72 9.2 0.05510836 0.0396603391711
0.72 9.4 0.049170795 0.0356038776439
0.72 9.6 0.052871395 0.0394805472563
0.72 9.8 0.05087851 0.0383813512644
0.74 0.0 0.44443799 0.273631666277
0.74 0.2 0.456575485 0.287647912316
0.74 0.4 0.461864505 0.281846889282
0.74 0.6 0.483381665 0.293257606478
0.74 0.8 0.44678301 0.272921963392
0.74 1.0 0.460417765 0.269204635951
0.74 1.2 0.45877242 0.270513033884
0.74 1.4 0.461778405 0.299719788299
0.74 1.6 0.463052105 0.282997974305
0.74 1.8 0.479025265 0.303576219996
0.74 2.0 0.468406375 0.307644319244
0.74 2.2 0.48788308 0.304733477475
0.74 2.4 0.480693805 0.293321560805
0.74 2.6 0.45083591 0.276807765934
0.74 2.8 0.42821003 0.281348905531
0.74 3.0 0.388265455 0.273813074573
0.74 3.2 0.37997355 0.255387838642
0.74 3.4 0.32397586 0.222820749083
0.74 3.6 0.26300209 0.219818190721
0.74 3.8 0.26043325 0.212607163708
0.74 4.0 0.22786038 0.184641150381
0.74 4.2 0.219346535 0.154140248743
0.74 4.4 0.18978568 0.153770737182
0.74 4.6 0.17986017 0.136664249273
0.74 4.8 0.14697241 0.121414100294
0.74 5.0 0.13823325 0.103389216363
0.74 5.2 0.13781368 0.107485577602
0.74 5.4 0.128269385 0.0965592113463
0.74 5.6 0.12049449 0.0908016425545
0.74 5.8 0.098255245 0.0760425848686
0.74 6.0 0.091547715 0.0719407254262
0.74 6.2 0.09007549 0.0622294923704
0.74 6.4 0.0833841 0.0620460559422
0.74 6.6 0.078517535 0.0592455209229
0.74 6.8 0.079046925 0.0616789692566
0.74 7.0 0.074154005 0.0584073730019
0.74 7.2 0.07452335 0.0594075190949
0.74 7.4 0.072186905 0.0508389359843
0.74 7.6 0.063320265 0.0481194791737
0.74 7.8 0.059199275 0.0466270478466
0.74 8.0 0.060682595 0.0444517652346
0.74 8.2 0.05760339 0.0446068440662
0.74 8.4 0.058195775 0.0424171584309
0.74 8.6 0.05380492 0.0411541064502
0.74 8.8 0.05525594 0.0440109485177
0.74 9.0 0.051525855 0.037920787324
0.74 9.2 0.05232845 0.0384540744527
0.74 9.4 0.05234308 0.038789594079
0.74 9.6 0.0505029 0.0367310761087
0.74 9.8 0.048395375 0.0342990463839
0.76 0.0 0.427967885 0.285554628345
0.76 0.2 0.42988847 0.280575558316
0.76 0.4 0.469056765 0.296497045131
0.76 0.6 0.46277227 0.293026903007
0.76 0.8 0.45134144 0.306976163623
0.76 1.0 0.44969526 0.279929339365
0.76 1.2 0.47601329 0.314805211413
0.76 1.4 0.478096045 0.293379188701
0.76 1.6 0.48302183 0.289230712984
0.76 1.8 0.486410735 0.279256660914
0.76 2.0 0.453458105 0.291072016775
0.76 2.2 0.460431255 0.292241175457
0.76 2.4 0.44028428 0.279600909903
0.76 2.6 0.42226145 0.294032481154
0.76 2.8 0.430198685 0.279030421877
0.76 3.0 0.3948845 0.274432330957
0.76 3.2 0.364046945 0.249552294282
0.76 3.4 0.313622325 0.24051286154
0.76 3.6 0.315978265 0.231981956887
0.76 3.8 0.251110985 0.182362328873
0.76 4.0 0.242746235 0.187044411531
0.76 4.2 0.2167783 0.175776426575
0.76 4.4 0.19332564 0.148788315404
0.76 4.6 0.171016505 0.134364216273
0.76 4.8 0.15504396 0.118020760297
0.76 5.0 0.141580925 0.116252964078
0.76 5.2 0.139443525 0.102348364235
0.76 5.4 0.1233137 0.09001021058
0.76 5.6 0.11852543 0.0903429379722
0.76 5.8 0.112707005 0.0801900000801
0.76 6.0 0.09882972 0.0795291922846
0.76 6.2 0.10557727 0.0788891434937
0.76 6.4 0.08454455 0.0680707844603
0.76 6.6 0.07758507 0.0619435159172
0.76 6.8 0.076335185 0.0570373058331
0.76 7.0 0.08103627 0.0621012746598
0.76 7.2 0.077835075 0.0599108741545
0.76 7.4 0.068449275 0.0534170045279
0.76 7.6 0.06706244 0.0519372204947
0.76 7.8 0.0697153 0.0476526388177
0.76 8.0 0.061843775 0.0433804604302
0.76 8.2 0.06385395 0.0473623298642
0.76 8.4 0.05652453 0.044744887501
0.76 8.6 0.060156215 0.0453222676306
0.76 8.8 0.05599569 0.0445591527163
0.76 9.0 0.05951324 0.0464356085128
0.76 9.2 0.054904845 0.0388205297548
0.76 9.4 0.055805465 0.0419862478822
0.76 9.6 0.04838715 0.036834968127
0.76 9.8 0.049170745 0.0386129694447
0.78 0.0 0.465476755 0.285723332787
0.78 0.2 0.45198452 0.286652350458
0.78 0.4 0.46319469 0.279912412101
0.78 0.6 0.4375519 0.274206718385
0.78 0.8 0.44376329 0.304439377345
0.78 1.0 0.45826743 0.281177626149
0.78 1.2 0.45358159 0.275452602452
0.78 1.4 0.461273255 0.295661557158
0.78 1.6 0.480335025 0.2730602224
0.78 1.8 0.460123785 0.295622820564
0.78 2.0 0.4593907 0.28280615044
0.78 2.2 0.458013125 0.284869562979
0.78 2.4 0.435128795 0.280893318553
0.78 2.6 0.401979625 0.275759468584
0.78 2.8 0.39720667 0.267447581865
0.78 3.0 0.362496495 0.266620505953
0.78 3.2 0.36915654 0.246891947624
0.78 3.4 0.34112594 0.259228424834
0.78 3.6 0.29162242 0.204720184051
0.78 3.8 0.3034171 0.224250932832
0.78 4.0 0.23670379 0.175047070434
0.78 4.2 0.242411175 0.167959252659
0.78 4.4 0.19806361 0.15600559449
0.78 4.6 0.179682165 0.132797295916
0.78 4.8 0.1578222 0.131138341095
0.78 5.0 0.13748609 0.107851947842
0.78 5.2 0.140124625 0.105377574972
0.78 5.4 0.131931995 0.105270956681
0.78 5.6 0.11631853 0.0895491478913
0.78 5.8 0.113654805 0.0902876049697
0.78 6.0 0.104891515 0.0760356062957
0.78 6.2 0.104270595 0.0789405331408
0.78 6.4 0.096350745 0.0668741744312
0.78 6.6 0.089738865 0.0678638528177
0.78 6.8 0.08509168 0.0625136972272
0.78 7.0 0.07729805 0.0569604241239
0.78 7.2 0.07643105 0.0571897808362
0.78 7.4 0.07199839 0.0566805767142
0.78 7.6 0.07580459 0.0584616167342
0.78 7.8 0.064883765 0.0493974239827
0.78 8.0 0.06776104 0.0499189292231
0.78 8.2 0.065115105 0.0506866421439
0.78 8.4 0.06039889 0.0461197585475
0.78 8.6 0.054617665 0.040864330228
0.78 8.8 0.054434485 0.041782187885
0.78 9.0 0.05922526 0.0419757114268
0.78 9.2 0.053706335 0.0401039706493
0.78 9.4 0.05647827 0.0439322757964
0.78 9.6 0.05670378 0.0420574507183
0.78 9.8 0.057018725 0.0438331079658
0.8 0.0 0.429458515 0.289736263748
0.8 0.2 0.43639783 0.287985061838
0.8 0.4 0.43592971 0.278344660263
0.8 0.6 0.46665002 0.295759421983
0.8 0.8 0.47166889 0.285086955684
0.8 1.0 0.406865115 0.276354173856
0.8 1.2 0.421919495 0.282305710801
0.8 1.4 0.460016575 0.293570971545
0.8 1.6 0.454768805 0.273505172057
0.8 1.8 0.436332185 0.292541208705
0.8 2.0 0.458663095 0.281607830436
0.8 2.2 0.443868085 0.290986873442
0.8 2.4 0.442888145 0.27257185888
0.8 2.6 0.40693492 0.280331724348
0.8 2.8 0.38122106 0.250849848535
0.8 3.0 0.34741719 0.216260302532
0.8 3.2 0.35239735 0.234075604078
0.8 3.4 0.34608523 0.255511568998
0.8 3.6 0.296270455 0.231492381441
0.8 3.8 0.282446795 0.219110713579
0.8 4.0 0.221110895 0.194004461325
0.8 4.2 0.23103642 0.183856432608
0.8 4.4 0.21344859 0.1497567652
0.8 4.6 0.20146366 0.153782203258
0.8 4.8 0.175028345 0.125824898644
0.8 5.0 0.157478415 0.120768073748
0.8 5.2 0.141442415 0.107534346821
0.8 5.4 0.129860395 0.101410041778
0.8 5.6 0.124530055 0.0973087200364
0.8 5.8 0.115121015 0.0825968224546
0.8 6.0 0.10946302 0.0835427377455
0.8 6.2 0.11007264 0.0803378437981
0.8 6.4 0.10437045 0.0752846780379
0.8 6.6 0.085463305 0.0641421065072
0.8 6.8 0.082482395 0.0632602944003
0.8 7.0 0.085581075 0.0620725271076
0.8 7.2 0.07667749 0.0591714122617
0.8 7.4 0.0869192 0.0620959289505
0.8 7.6 0.077063825 0.0577450021834
0.8 7.8 0.069426845 0.0506962084792
0.8 8.0 0.067796465 0.0483304241419
0.8 8.2 0.066621435 0.0483050209234
0.8 8.4 0.06695771 0.0501909038726
0.8 8.6 0.058173795 0.0483373940304
0.8 8.8 0.05540494 0.042348009737
0.8 9.0 0.057688885 0.0432118345233
0.8 9.2 0.05577259 0.044362387639
0.8 9.4 0.05792252 0.0394694357615
0.8 9.6 0.0525892 0.040687036318
0.8 9.8 0.05072097 0.0365241688276
0.82 0.0 0.437628005 0.270685726802
0.82 0.2 0.42093941 0.269002055555
0.82 0.4 0.44320657 0.285992884366
0.82 0.6 0.417656785 0.250704758925
0.82 0.8 0.43671177 0.278989118431
0.82 1.0 0.47307979 0.283297983049
0.82 1.2 0.430487285 0.281081829662
0.82 1.4 0.49183572 0.302614004669
0.82 1.6 0.48224437 0.282709269425
0.82 1.8 0.476090965 0.290352937456
0.82 2.0 0.461565795 0.266556803659
0.82 2.2 0.49256382 0.278286053898
0.82 2.4 0.42254651 0.272274541346
0.82 2.6 0.445435485 0.279170656926
0.82 2.8 0.39588216 0.25797518996
0.82 3.0 0.36884059 0.245289810854
0.82 3.2 0.37907066 0.267317922831
0.82 3.4 0.34864437 0.259029183228
0.82 3.6 0.310672415 0.235540776534
0.82 3.8 0.301350685 0.21228211376
0.82 4.0 0.272338515 0.197598512184
0.82 4.2 0.23558876 0.1782322601
0.82 4.4 0.19831717 0.154058414641
0.82 4.6 0.205117645 0.151436836898
0.82 4.8 0.17583163 0.134302434396
0.82 5.0 0.15841149 0.119119977113
0.82 5.2 0.12660384 0.096345092366
0.82 5.4 0.12645939 0.0866282620731
0.82 5.6 0.132059655 0.0987996777793
0.82 5.8 0.127164905 0.0900519471848
0.82 6.0 0.104450875 0.0870789048945
0.82 6.2 0.097482145 0.0797303632259
0.82 6.4 0.10406496 0.0775211757388
0.82 6.6 0.09358345 0.0692830625185
0.82 6.8 0.09843097 0.0669795667081
0.82 7.0 0.08508421 0.0643057293062
0.82 7.2 0.077274575 0.0597844463821
0.82 7.4 0.076159325 0.0529689858219
0.82 7.6 0.07384359 0.0501197092999
0.82 7.8 0.064208985 0.0508075958062
0.82 8.0 0.070645515 0.0485624300311
0.82 8.2 0.068176125 0.051374995576
0.82 8.4 0.06964351 0.0491102732706
0.82 8.6 0.06053274 0.0460938588506
0.82 8.8 0.0593503 0.0434673941993
0.82 9.0 0.06335813 0.049477174189
0.82 9.2 0.052306905 0.0407718872004
0.82 9.4 0.058340445 0.0426114494341
0.82 9.6 0.059183405 0.0473375337441
0.82 9.8 0.05742872 0.0491286047006
0.84 0.0 0.4293871 0.285547432637
0.84 0.2 0.413513755 0.274432079823
0.84 0.4 0.456912185 0.290326144173
0.84 0.6 0.468743635 0.295140088082
0.84 0.8 0.45941079 0.30686423451
0.84 1.0 0.452207105 0.283167411731
0.84 1.2 0.432897965 0.269662884346
0.84 1.4 0.455064545 0.274752764049
0.84 1.6 0.44956383 0.262365943544
0.84 1.8 0.43634431 0.277847025468
0.84 2.0 0.444718065 0.278445146593
0.84 2.2 0.45221898 0.283640716978
0.84 2.4 0.408065885 0.290972049652
0.84 2.6 0.42518761 0.279069012693
0.84 2.8 0.394308075 0.278218177364
0.84 3.0 0.39250072 0.249541028549
0.84 3.2 0.35422943 0.238242251543
0.84 3.4 0.345381235 0.255531916995
0.84 3.6 0.32490689 0.241505142246
0.84 3.8 0.28517317 0.214573352698
0.84 4.0 0.272167725 0.207908888882
0.84 4.2 0.24488439 0.197314857689
0.84 4.4 0.23330422 0.161275423772
0.84 4.6 0.189118415 0.15768705429
0.84 4.8 0.178047085 0.142575750998
0.84 5.0 0.156167565 0.119458001401
0.84 5.2 0.14399778 0.113798059482
0.84 5.4 0.14244701 0.107321558788
0.84 5.6 0.127020615 0.0928517684576
0.84 5.8 0.12319838 0.0968384196383
0.84 6.0 0.126048905 0.0963467915301
0.84 6.2 0.1125976 0.0904755090048
0.84 6.4 0.102051545 0.0808405293558
0.84 6.6 0.09089525 0.0688341951913
0.84 6.8 0.085811145 0.0655712912653
0.84 7.0 0.089009945 0.0637788184644
0.84 7.2 0.079138585 0.0578197560485
0.84 7.4 0.07795514 0.0582843191628
0.84 7.6 0.07989782 0.062003919288
0.84 7.8 0.07189327 0.0514103744568
0.84 8.0 0.073624325 0.0533332166999
0.84 8.2 0.068048175 0.0527261563409
0.84 8.4 0.063818005 0.0445743581726
0.84 8.6 0.06025695 0.0469146035528
0.84 8.8 0.06130882 0.0449298725492
0.84 9.0 0.06289517 0.048978222432
0.84 9.2 0.058749265 0.0394277701091
0.84 9.4 0.05768065 0.04243012941
0.84 9.6 0.05607557 0.0388645038697
0.84 9.8 0.057632275 0.0402022156009
0.86 0.0 0.459625905 0.284500426581
0.86 0.2 0.420802545 0.275159150482
0.86 0.4 0.433429675 0.304448793601
0.86 0.6 0.42038609 0.281185765437
0.86 0.8 0.434474815 0.276655243512
0.86 1.0 0.43190405 0.285229626192
0.86 1.2 0.44608147 0.296388497333
0.86 1.4 0.440283925 0.308873015109
0.86 1.6 0.421030475 0.279925716555
0.86 1.8 0.452773835 0.274076574976
0.86 2.0 0.41409991 0.269189691943
0.86 2.2 0.396680115 0.283246663477
0.86 2.4 0.389607885 0.268259409712
0.86 2.6 0.43050898 0.273019015076
0.86 2.8 0.41287697 0.260915777187
0.86 3.0 0.413475195 0.269268041857
0.86 3.2 0.38681196 0.27699773421
0.86 3.4 0.33851183 0.234531031209
0.86 3.6 0.375247985 0.272856846737
0.86 3.8 0.285042855 0.219363730506
0.86 4.0 0.27488257 0.208619038379
0.86 4.2 0.23072728 0.184977249978
0.86 4.4 0.2240106 0.167075810588
0.86 4.6 0.183321065 0.151854319656
0.86 4.8 0.18934078 0.138087415141
0.86 5.0 0.16089635 0.133337699916
0.86 5.2 0.164730325 0.130983820437
0.86 5.4 0.14520582 0.102919367678
0.86 5.6 0.12350165 0.0965494184537
0.86 5.8 0.123847935 0.0962426403311
0.86 6.0 0.113019445 0.0885156258447
0.86 6.2 0.108945005 0.0829017454513
0.86 6.4 0.10113614 0.0801117313864
0.86 6.6 0.100495595 0.0801885239528
0.86 6.8 0.091131885 0.0645841913797
0.86 7.0 0.089102985 0.0719628745689
0.86 7.2 0.07601223 0.0615169316974
0.86 7.4 0.082154345 0.0585533853651
0.86 7.6 0.081715185 0.0616289387308
0.86 7.8 0.063953415 0.0497373384279
0.86 8.0 0.0760712 0.0510828584898
0.86 8.2 0.065399285 0.0510186024477
0.86 8.4 0.07392587 0.0539859819381
0.86 8.6 0.057228035 0.0398594356956
0.86 8.8 0.063971805 0.0494232482366
0.86 9.0 0.066139225 0.0482435149445
0.86 9.2 0.05447378 0.041369455277
0.86 9.4 0.056201595 0.0450001105789
0.86 9.6 0.059130275 0.0428311728361
0.86 9.8 0.05467066 0.0401229866947
0.88 0.0 0.44421239 0.272565494309
0.88 0.2 0.444560065 0.28213184754
0.88 0.4 0.391722775 0.236372010199
0.88 0.6 0.44820978 0.296293527136
0.88 0.8 0.43680693 0.273776622607
0.88 1.0 0.472379105 0.259311145992
0.88 1.2 0.403626045 0.27499094693
0.88 1.4 0.437313965 0.274072629989
0.88 1.6 0.454940405 0.289494948342
0.88 1.8 0.41902224 0.260612371072
0.88 2.0 0.45483812 0.278483850161
0.88 2.2 0.448434075 0.280048995952
0.88 2.4 0.443573825 0.274710542036
0.88 2.6 0.40064571 0.283755603351
0.88 2.8 0.413583355 0.2717489484
0.88 3.0 0.372966075 0.255249390956
0.88 3.2 0.36986811 0.266200857375
0.88 3.4 0.343580785 0.24366013422
0.88 3.6 0.304803745 0.213373660414
0.88 3.8 0.27716548 0.204209432439
0.88 4.0 0.26689602 0.205013217924
0.88 4.2 0.223044745 0.177498386099
0.88 4.4 0.237364435 0.19541072757
0.88 4.6 0.196286605 0.159801501163
0.88 4.8 0.19086141 0.16078615079
0.88 5.0 0.176701045 0.134238105349
0.88 5.2 0.157885765 0.115637250153
0.88 5.4 0.14228598 0.105551780069
0.88 5.6 0.135351875 0.108358237052
0.88 5.8 0.124051635 0.0923696492952
0.88 6.0 0.11288251 0.088000644167
0.88 6.2 0.111633195 0.0922567597539
0.88 6.4 0.10531705 0.0769796268969
0.88 6.6 0.10920044 0.0857022009423
0.88 6.8 0.09450935 0.0715239879767
0.88 7.0 0.08940912 0.0730605661058
0.88 7.2 0.08646394 0.0632372891022
0.88 7.4 0.087092885 0.0659202466028
0.88 7.6 0.07980723 0.060317761326
0.88 7.8 0.075446345 0.0581779594112
0.88 8.0 0.076379215 0.0558190498645
0.88 8.2 0.078165005 0.0581290415034
0.88 8.4 0.07004295 0.054258765165
0.88 8.6 0.065656415 0.046148323927
0.88 8.8 0.070238855 0.0545934335343
0.88 9.0 0.062629575 0.0524362170767
0.88 9.2 0.064014965 0.0466995734169
0.88 9.4 0.061630325 0.044362482378
0.88 9.6 0.05144225 0.043049150096
0.88 9.8 0.05588561 0.0425502077414
0.9 0.0 0.423175305 0.30041333592
0.9 0.2 0.42189876 0.289374667988
0.9 0.4 0.453785225 0.2739506466
0.9 0.6 0.459977985 0.283579844288
0.9 0.8 0.42984542 0.278295535109
0.9 1.0 0.457310735 0.287215150879
0.9 1.2 0.46439311 0.282224773318
0.9 1.4 0.424659015 0.276400664709
0.9 1.6 0.433265705 0.281498092346
0.9 1.8 0.468560525 0.294937107337
0.9 2.0 0.428032945 0.302747329546
0.9 2.2 0.45279735 0.286665545398
0.9 2.4 0.449726815 0.264508936685
0.9 2.6 0.411578545 0.251017779479
0.9 2.8 0.423747975 0.286899889344
0.9 3.0 0.4032042 0.263032832732
0.9 3.2 0.353085165 0.239413696788
0.9 3.4 0.339507745 0.236284673994
0.9 3.6 0.345804615 0.242508770635
0.9 3.8 0.283343115 0.22103980446
0.9 4.0 0.248386095 0.197317512578
0.9 4.2 0.23330864 0.19168479143
0.9 4.4 0.2256803 0.175360909465
0.9 4.6 0.207037595 0.16673782533
0.9 4.8 0.19469165 0.154573339714
0.9 5.0 0.186574325 0.137976125026
0.9 5.2 0.165890805 0.133068839378
0.9 5.4 0.157576375 0.118223164607
0.9 5.6 0.13732251 0.115239206332
0.9 5.8 0.133574305 0.107473568291
0.9 6.0 0.112340155 0.0940702133543
0.9 6.2 0.12271993 0.0793011419491
0.9 6.4 0.099367475 0.0730569217105
0.9 6.6 0.100154225 0.0829584557569
0.9 6.8 0.094718545 0.0695963482889
0.9 7.0 0.08966508 0.066711624812
0.9 7.2 0.09133869 0.0659130861419
0.9 7.4 0.085806625 0.0640401960121
0.9 7.6 0.08206997 0.0615547178562
0.9 7.8 0.07338359 0.0579322585929
0.9 8.0 0.068698175 0.051738920115
0.9 8.2 0.0746157 0.0576181493732
0.9 8.4 0.069918635 0.0524917389141
0.9 8.6 0.071583945 0.0529126760772
0.9 8.8 0.065798035 0.0489865773356
0.9 9.0 0.067162245 0.0460815182874
0.9 9.2 0.06593636 0.0541100828918
0.9 9.4 0.056149685 0.04240268912
0.9 9.6 0.050609315 0.0440506892818
0.9 9.8 0.06527741 0.0480932969507
0.92 0.0 0.438795425 0.29756493136
0.92 0.2 0.412198615 0.26560330787
0.92 0.4 0.401777255 0.255481195571
0.92 0.6 0.477920095 0.276889969661
0.92 0.8 0.44261722 0.26765175273
0.92 1.0 0.410212205 0.257161169172
0.92 1.2 0.439904685 0.291041919332
0.92 1.4 0.41187363 0.270968140443
0.92 1.6 0.40680209 0.272738285718
0.92 1.8 0.476791685 0.3024756247
0.92 2.0 0.436954085 0.243553348565
0.92 2.2 0.438431675 0.286780014994
0.92 2.4 0.451181195 0.282594439606
0.92 2.6 0.43551394 0.305143721826
0.92 2.8 0.40222113 0.271132770339
0.92 3.0 0.42299424 0.285807395041
0.92 3.2 0.380466555 0.25801243037
0.92 3.4 0.358573945 0.231527179466
0.92 3.6 0.31626481 0.230787190605
0.92 3.8 0.300483375 0.233247248089
0.92 4.0 0.26786534 0.210209065812
0.92 4.2 0.238627865 0.195804478588
0.92 4.4 0.230434665 0.184633642037
0.92 4.6 0.218923995 0.170865870103
0.92 4.8 0.19018922 0.145455555685
0.92 5.0 0.184283095 0.146743380647
0.92 5.2 0.179700425 0.124488985949
0.92 5.4 0.14963633 0.112221225362
0.92 5.6 0.14374445 0.111620077786
0.92 5.8 0.136245315 0.106705140545
0.92 6.0 0.12696982 0.0993646443284
0.92 6.2 0.12025282 0.0880454495749
0.92 6.4 0.113979385 0.0819408265732
0.92 6.6 0.1021703 0.0679243954015
0.92 6.8 0.09953691 0.0707192850703
0.92 7.0 0.092595705 0.0758162304673
0.92 7.2 0.0879126 0.0671842224072
0.92 7.4 0.08057295 0.0653684852836
0.92 7.6 0.08850043 0.0627805716915
0.92 7.8 0.072925195 0.0622200338744
0.92 8.0 0.078630775 0.0564026426069
0.92 8.2 0.076757385 0.0581825404537
0.92 8.4 0.06822947 0.054162941363
0.92 8.6 0.06893127 0.0460943710384
0.92 8.8 0.06678234 0.0502318512256
0.92 9.0 0.06680999 0.0524380132696
0.92 9.2 0.0651866 0.0501655387465
0.92 9.4 0.061844075 0.0463878348937
0.92 9.6 0.062443255 0.0479877780068
0.92 9.8 0.05877851 0.0419478311389
0.94 0.0 0.42328471 0.284247170144
0.94 0.2 0.435180625 0.296164113268
0.94 0.4 0.447013295 0.288124368613
0.94 0.6 0.423799015 0.292218231689
0.94 0.8 0.449316465 0.260579251813
0.94 1.0 0.390639495 0.259450064953
0.94 1.2 0.44856739 0.304049251038
0.94 1.4 0.417601805 0.277985026505
0.94 1.6 0.43267492 0.297680262745
0.94 1.8 0.44270114 0.28473853261
0.94 2.0 0.44181424 0.276227187241
0.94 2.2 0.46732328 0.306063178382
0.94 2.4 0.439782075 0.26409615824
0.94 2.6 0.42646879 0.27270312112
0.94 2.8 0.40538039 0.270741406166
0.94 3.0 0.407907915 0.285388703907
0.94 3.2 0.345895785 0.244096681686
0.94 3.4 0.371901205 0.244233911722
0.94 3.6 0.345038235 0.230054974032
0.94 3.8 0.301774495 0.212634129539
0.94 4.0 0.278259245 0.205753873857
0.94 4.2 0.263815165 0.206273286078
0.94 4.4 0.22846696 0.18683187508
0.94 4.6 0.2077982 0.162113953357
0.94 4.8 0.19432198 0.152587441656
0.94 5.0 0.195697 0.133084441939
0.94 5.2 0.166229685 0.129954916203
0.94 5.4 0.165080305 0.132353896007
0.94 5.6 0.150648125 0.118123682565
0.94 5.8 0.12794157 0.100491354757
0.94 6.0 0.13804966 0.0991579604155
0.94 6.2 0.11656785 0.0922038941802
0.94 6.4 0.126702825 0.0965378867612
0.94 6.6 0.099511205 0.077975499388
0.94 6.8 0.10489365 0.0822276255123
0.94 7.0 0.099084565 0.0680488737128
0.94 7.2 0.09351251 0.0729933418454
0.94 7.4 0.09338587 0.0696992700377
0.94 7.6 0.091109635 0.0638703621617
0.94 7.8 0.076917505 0.0584784436104
0.94 8.0 0.07336256 0.0597934921325
0.94 8.2 0.069596115 0.0525837585678
0.94 8.4 0.069974745 0.0508479691319
0.94 8.6 0.06619888 0.0500997814085
0.94 8.8 0.07273048 0.0527262847004
0.94 9.0 0.06672817 0.0500497252959
0.94 9.2 0.06374149 0.0496285197209
0.94 9.4 0.062761945 0.050184261692
0.94 9.6 0.065184595 0.0457154989503
0.94 9.8 0.054343305 0.0427045077622
0.96 0.0 0.38521754 0.277065186507
0.96 0.2 0.389728005 0.264683390373
0.96 0.4 0.398767995 0.267458124999
0.96 0.6 0.42799244 0.272879778398
0.96 0.8 0.4170463 0.267172783221
0.96 1.0 0.406116525 0.264498825449
0.96 1.2 0.435069605 0.274867554588
0.96 1.4 0.416590525 0.276257883228
0.96 1.6 0.398253005 0.273594159067
0.96 1.8 0.42725492 0.274988022916
0.96 2.0 0.45043367 0.288607578902
0.96 2.2 0.43731845 0.268366586826
0.96 2.4 0.42656501 0.281336473036
0.96 2.6 0.42124995 0.280679549917
0.96 2.8 0.40212852 0.276540646459
0.96 3.0 0.39737401 0.278134288103
0.96 3.2 0.37058119 0.255903645204
0.96 3.4 0.337924445 0.252013451869
0.96 3.6 0.33331272 0.240099252602
0.96 3.8 0.30246736 0.245116646015
0.96 4.0 0.293991285 0.208238331638
0.96 4.2 0.26420954 0.204265079273
0.96 4.4 0.2388788 0.175680187455
0.96 4.6 0.22190746 0.168510799456
0.96 4.8 0.211028345 0.147484372206
0.96 5.0 0.20050184 0.159065426617
0.96 5.2 0.1695332 0.124068729756
0.96 5.4 0.16668694 0.131199491165
0.96 5.6 0.15933077 0.114075755778
0.96 5.8 0.135602695 0.0908993749348
0.96 6.0 0.131713245 0.0959872389403
0.96 6.2 0.130033785 0.0975149502029
0.96 6.4 0.12734694 0.105826077744
0.96 6.6 0.11632739 0.0837498608827
0.96 6.8 0.115301295 0.0876335815882
0.96 7.0 0.092961955 0.0718540862542
0.96 7.2 0.098467355 0.0681116163915
0.96 7.4 0.085741975 0.0663680011759
0.96 7.6 0.086998385 0.0642134249529
0.96 7.8 0.073383075 0.0575394315072
0.96 8.0 0.080116185 0.0591345147285
0.96 8.2 0.07930898 0.0612281267268
0.96 8.4 0.080164505 0.0600603002757
0.96 8.6 0.0696101 0.0525147643027
0.96 8.8 0.06759495 0.0505558253963
0.96 9.0 0.066282365 0.050137126206
0.96 9.2 0.068102575 0.0472777162255
0.96 9.4 0.06571358 0.0514701019138
0.96 9.6 0.061473015 0.0481813734448
0.96 9.8 0.060205885 0.0458847990298
0.98 0.0 0.39086715 0.278701434653
0.98 0.2 0.370074255 0.26450686196
0.98 0.4 0.412873015 0.277589418472
0.98 0.6 0.400349215 0.268568108516
0.98 0.8 0.40149079 0.267430568923
0.98 1.0 0.413588565 0.279028940231
0.98 1.2 0.45194217 0.306206614516
0.98 1.4 0.465870175 0.307773139876
0.98 1.6 0.436285445 0.30939834775
0.98 1.8 0.448991445 0.29671272166
0.98 2.0 0.441835025 0.290891334335
0.98 2.2 0.39498157 0.268880732728
0.98 2.4 0.406900735 0.279255477921
0.98 2.6 0.4498363 0.271430991634
0.98 2.8 0.38672455 0.266877774509
0.98 3.0 0.38725509 0.266598679919
0.98 3.2 0.385600105 0.256708699964
0.98 3.4 0.33695739 0.247719445038
0.98 3.6 0.318397635 0.234606785782
0.98 3.8 0.329788455 0.236086954724
0.98 4.0 0.301503585 0.211243675693
0.98 4.2 0.267999035 0.197698401999
0.98 4.4 0.24773868 0.17678013411
0.98 4.6 0.249077305 0.176384419881
0.98 4.8 0.19608371 0.160270774056
0.98 5.0 0.18967626 0.131793038709
0.98 5.2 0.164702435 0.119534546219
0.98 5.4 0.17357134 0.13960071768
0.98 5.6 0.15519679 0.117297792116
0.98 5.8 0.1459388 0.110068983257
0.98 6.0 0.1467512 0.0996832885796
0.98 6.2 0.13541304 0.105656496315
0.98 6.4 0.11676225 0.0836276430941
0.98 6.6 0.10751595 0.0874408773967
0.98 6.8 0.10124651 0.085593847381
0.98 7.0 0.10732704 0.0835830957487
0.98 7.2 0.106822925 0.0815422269882
0.98 7.4 0.083916025 0.070852297171
0.98 7.6 0.088902865 0.0669539091435
0.98 7.8 0.08082753 0.0638529143098
0.98 8.0 0.08316168 0.0604763574902
0.98 8.2 0.07805479 0.0571783111984
0.98 8.4 0.07739012 0.0570012132715
0.98 8.6 0.07258139 0.0607885603667
0.98 8.8 0.076548605 0.0539496490173
0.98 9.0 0.07318134 0.0584388096184
0.98 9.2 0.06449394 0.0509874602753
0.98 9.4 0.063308615 0.050459323159
0.98 9.6 0.065004475 0.0484116113956
0.98 9.8 0.06497651 0.0462172839715
